3
10.4865761878573
17.9729431299897
25.4589514458702
32.9444517621275
40.429294715527
47.9133309559508
55.3964111493779
62.8783859808641
70.3591061575209
77.8384224114951
85.3161855029467
92.7922462230271
100.266455396856
107.738663886499
115.208722593942
122.676482464068
130.141794487627
137.604509704217
145.06447920525
152.521554136923
159.975585703194
167.426425168744
174.873923861951
182.317933177852
189.75830458111
197.194889608978
204.62753987426
212.056107068276
219.480442963815
226.900399418098
234.31582837573
241.726581871658
249.132512034122
256.533471087603
263.929311355775
271.319885264452
278.705045344528
286.084644234927
293.458534685535
300.826569560146
308.18860183939
315.544484623676
322.894071136113
330.237214725448
337.573768868985
344.903587175513
352.226523388225
359.542431387638
366.851165194507
374.152578972738
381.446527032301
388.73286383213
396.011443983037
403.282122250603
410.544753558083
417.799192989298
425.045295791527
432.282917378395
439.51191333276
446.73213940959
453.943451538846
461.145705828357
468.338758566686
475.522466226002
482.696685464943
489.861273131475
497.016086265751
504.160982102959
511.295818076176
518.420451819209
525.534741169439
532.638544170651
539.731719075877
546.814124350214
553.885618673656
560.946060943907
567.995310279204
575.033226021121
582.05966773738
589.074495224654
596.077568511358
603.068747860451
610.047893772218
617.014866987053
623.969528488244
630.911739504741
637.841361513926
644.75825624438
651.662285678639
658.553312055948
665.431197875012
672.295805896738
679.146999146974
685.984640919242
692.808594777465
699.618724558692
706.414894375811
713.196968620264
719.964811964751
726.71828936593
733.457266067114
740.181607600957
746.891179792138
753.585848760041
760.26548092142
766.929942993073
773.579101994495
780.212825250532
786.830980394033
793.433435368484
800.020058430652
806.590718153204
813.145283427338
819.683623465394
826.205607803463
832.711106303996
839.199989158395
845.672126889606
852.127390354699
858.565650747453
864.986779600915
871.390648789972
877.777130533906
884.14609739894
890.497422300784
896.83097850717
903.14663964038
909.444279679771
915.723772964285
921.984994194957
928.227818437421
934.452121124393
940.657778058167
946.844665413086
953.012659738014
959.161637958803
965.291477380744
971.402055691019
977.493250961138
983.564941649376
989.617006603194
995.64932506166
1001.66177665786
1007.65424142129
1013.62659978025
1019.57873256427
1025.51052100642
1031.42184674572
1037.3125918295
1043.18263871577
1049.03187027551
1054.86016979507
1060.66742097845
1066.45350794966
1072.218315255
1077.96172786538
1083.68363117863
1089.38391102174
1095.0624536532
1100.7191457652
1106.35387448596
1111.96652738194
1117.55699246008
1123.12515817008
1128.67091340656
1134.19414751134
1139.6947502756
1145.1726119421
1150.62762320737
1156.0596752239
1161.4686596023
1166.85446841345
1172.21699419067
1177.55612993187
1182.87176910169
1188.16380563358
1193.43213393197
1198.67664887436
1203.8972458134
1209.093820579
1214.26626948041
1219.41448930826
1224.53837733666
1229.6378313252
1234.71274952105
1239.76303066094
1244.78857397321
1249.78927917979
1254.76504649826
1259.71577664377
1264.64137083107
1269.54173077644
1274.41675869971
1279.26635732616
1284.09042988848
1288.88888012869
1293.66161230007
1298.4085311691
1303.12954201729
1307.82455064314
1312.49346336396
1317.1361870178
1321.75262896527
1326.34269709137
1330.9062998074
1335.4433460527
1339.95374529653
1344.43740753987
1348.89424331716
1353.32416369817
1357.7270802897
1362.10290523739
1366.45155122746
1370.77293148843
1375.06695979291
1379.33355045923
1383.57261835326
1387.78407888999
1391.96784803533
1396.12384230771
1400.25197877976
1404.35217508001
1408.42434939446
1412.46842046829
1416.4843076074
1420.47193068011
1424.43121011867
1428.36206692092
1432.26442265182
1436.13819944503
1439.98332000447
1443.79970760587
1447.58728609826
1451.34597990554
1455.07571402796
1458.77641404362
1462.44800610995
1466.0904169652
1469.7035739299
1473.28740490828
1476.84183838976
1480.36680345032
1483.86222975395
1487.32804755407
1490.76418769487
1494.17058161273
1497.54716133758
1500.89385949424
1504.21060930379
1507.49734458488
1510.75399975507
1513.98050983213
1517.17681043532
1520.3428377867
1523.47852871239
1526.58382064384
1529.65865161906
1532.70296028389
1535.71668589317
1538.699768312
1541.65214801693
1544.57376609715
1547.46456425563
1550.32448481032
1553.15347069531
1555.95146546194
1558.71841327992
1561.45425893848
1564.15894784745
1566.83242603835
1569.47464016546
1572.08553750691
1574.6650659657
1577.21317407075
1579.72981097796
1582.21492647116
1584.66847096317
1587.09039549677
1589.48065174566
1591.83919201545
1594.16596924459
1596.46093700532
1598.72404950462
1600.95526158506
1603.15452872578
1605.3218070433
1607.45705329247
1609.56022486728
1611.63127980173
1613.67017677065
1615.67687509057
1617.65133472048
1619.59351626265
1621.50338096344
1623.38089071401
1625.22600805116
1627.03869615801
1628.81891886477
1630.56664064947
1632.28182663862
1633.96444260797
1635.61445498315
1637.23183084034
1638.81653790696
1640.36854456227
1641.88781983805
1643.37433341916
1644.82805564421
1646.24895750609
1647.63701065258
1648.99218738693
1650.31446066838
1651.60380411273
1652.86019199283
1654.08359923912
1655.27400144015
1656.43137484301
1657.55569635384
1658.64694353831
1659.70509462203
1660.73012849098
1661.72202469199
1662.68076343307
1663.60632558387
1664.49869267601
1665.3578469035
1666.18377112306
1666.97644885446
1667.73586428087
1668.46200224915
1669.1548482702
1669.81438851918
1670.44060983585
1671.03349972478
1671.59304635565
1672.11923856345
1672.6120658487
1673.0715183777
1673.49758698267
1673.89026316199
1674.24953908031
1674.57540756877
1674.86786212509
1675.12689691373
1675.35250676599
1675.54468718013
1675.70343432144
1675.82874502234
1675.92061678241
1675.97904776847
1676.00403681461
1675.99558342222
1675.95368775996
1675.8783506638
1675.76957363701
1675.62735885007
1675.45170914071
1675.24262801377
1675.00011964119
1674.72418886191
1674.41484118175
1674.07208277335
1673.69592047598
1673.28636179548
1672.84341490404
1672.36708864007
1671.85739250804
1671.31433667827
1670.73793198669
1670.12818993472
1669.48512268894
1668.80874308091
1668.09906460689
1667.35610142756
1666.57986836778
1665.77038091624
1664.9276552252
1664.05170811013
1663.14255704939
1662.20022018388
1661.2247163167
1660.21606491271
1659.17428609824
1658.09940066059
1656.99143004767
1655.85039636757
1654.67632238811
1653.46923153637
1652.22914789826
1650.95609621799
1649.65010189762
1648.31119099655
1646.93939023096
1645.53472697332
1644.09722925182
1642.62692574982
1641.12384580528
1639.58801941016
1638.01947720986
1636.41825050254
1634.78437123856
1633.11787201982
1631.4187860991
1629.6871473794
1627.92299041329
1626.12635040217
1624.29726319562
1622.43576529064
1620.54189383096
1618.61568660627
1616.65718205148
1614.66641924596
1612.64343791273
1610.58827841772
1608.50098176889
1606.38158961549
1604.23014424718
1602.0466885932
1599.83126622151
1597.58392133792
1595.30469878523
1592.99364404231
1590.65080322317
1588.27622307611
1585.86995098273
1583.43203495698
1580.96252364427
1578.4614663204
1575.92891289067
1573.36491388881
1570.76952047604
1568.14278443998
1565.48475819367
1562.7954947745
1560.07504784315
1557.32347168254
1554.54082119673
1551.7271519098
1548.88251996481
1546.00698212261
1543.10059576075
1540.16341887232
1537.19551006477
1534.19692855881
1531.16773418715
1528.10798739335
1525.01774923059
1521.89708136048
1518.74604605182
1515.56470617933
1512.35312522244
1509.11136726398
1505.83949698894
1502.53757968315
1499.20568123199
1495.84386811908
1492.45220742494
1489.03076682566
1485.57961459157
1482.09881958581
1478.58845126305
1475.04857966803
1471.47927543419
1467.88060978226
1464.25265451886
1460.59548203501
1456.90916530475
1453.19377788364
1449.4493939073
1445.67608808997
1441.87393572294
1438.04301267313
1434.18339538154
1430.2951608617
1426.37838669818
1422.43315104503
1418.45953262417
1414.45761072391
1410.42746519729
1406.36917646052
1402.28282549137
1398.16849382755
1394.02626356511
1389.85621735675
1385.65843841021
1381.43301048662
1377.18001789878
1372.89954550952
1368.59167872999
1364.25650351796
1359.89410637612
1355.5045743503
1351.0879950278
1346.6444565356
1342.17404753864
1337.67685723798
1333.1529753691
1328.60249220006
1324.02549852973
1319.42208568594
1314.7923455237
1310.13637042333
1305.45425328863
1300.74608754507
1296.01196713782
1291.25198653
1286.46624070071
1281.65482514315
1276.81783586275
1271.95536937522
1267.06752270463
1262.15439338147
1257.21607944073
1252.25267941992
1247.26429235711
1242.25101778894
1237.21295574866
1232.15020676412
1227.06287185576
1221.95105253462
1216.81485080026
1211.65436913878
1206.46971052075
1201.26097839917
1196.02827670737
1190.77170985697
1185.49138273581
1180.18740070581
1174.8598696009
1169.50889572489
1164.13458584939
1158.7370472116
1153.31638751228
1147.87271491348
1142.40613803649
1136.91676595959
1131.40470821593
1125.87007479131
1120.312976122
1114.73352309255
1109.13182703353
1103.50799971937
1097.86215336608
1092.19440062905
1086.50485460077
1080.79362880857
1075.06083721241
1069.30659420254
1063.53101459725
1057.73421364057
1051.91630699998
1046.07741076409
1040.21764144034
1034.33711595266
1028.43595163913
1022.51426624966
1016.57217794364
1010.60980528757
1004.62726725267
998.624683212575
992.602172940881
986.559856608799
980.49785478274
974.416288421914
968.315278875914
962.194947882298
956.055417564156
949.896810427676
943.719249359698
937.522857625265
931.307758865157
925.07407709343
918.82193669494
912.55146242286
906.262779396189
899.956013097262
893.631289369237
887.288734413592
880.928474787602
874.550637401815
868.155349517521
861.74273874421
855.31293303703
848.866060694228
842.402250354595
835.921630994897
829.424331927301
822.910482796795
816.380213578605
809.833654575593
803.270936415665
796.692190049163
790.097546746247
783.487138094282
776.861095995208
770.21955266291
763.562640620581
756.890492698075
750.203242029258
743.501022049352
736.783966492269
730.052209387949
723.305885059679
716.545128121418
709.770073475106
702.980856307978
696.177612089861
689.360476570472
682.529585776715
675.685076009958
668.827083843319
661.95574611894
655.071199945255
648.173582694256
641.26303199875
634.339685749615
627.403682093045
620.455159427799
613.494256402434
606.521111912541
599.535865097974
592.538655340071
585.529622258878
578.508905710356
571.476645783596
564.432982798023
557.378057300592
550.312010062988
543.234982078817
536.147114560788
529.048548937902
521.939426852624
514.81989015806
507.690080915126
500.550141389714
493.400214049849
486.240441562854
479.070966792495
471.891932796136
464.703482821884
457.505760305727
450.298908868676
443.083072313895
435.858394623837
428.625019957367
421.383092646887
414.132757195454
406.8741582739
399.607440717944
392.3327495253
385.050229852787
377.760027013429
370.462286473558
363.157153849913
355.844774906729
348.525295552835
341.198861838735
333.865619953702
326.525716222856
319.179297104243
311.826509185919
304.467499183018
297.102413934827
289.731400401859
282.354605662916
274.972176912157
267.584261456161
260.191006710985
252.792560199226
245.389069547077
237.980682481376
230.567546826667
223.149810502243
215.727621519197
208.301127977472
200.8704780629
193.435820044248
185.99730227026
178.555073166698
171.109281233375
163.660075041198
156.207603229201
148.752014501579
141.29345762472
133.832081424239
126.368034782004
118.901466633171
111.43252596321
103.961361804927
96.4881232354999
89.0129593734955
81.5360193758984
74.0574524351336
66.5774077760894
59.0960346531401
51.6134823471675
44.129900162583
36.6454374243472
29.1602434749914
21.6744676716372
14.1882593830161
6.70176798648964
-0.78485713493196
-8.27146659556998
-15.7579110100582
-23.2440409963238
-30.7297071785678
-38.2147601902459
-45.6990506770488
-53.1824292998823
-60.6647467378473
-68.1458536912194
-75.6256008844275
-83.1038390690329
-90.5804190267071
-98.0551915722093
-105.528007556363
-112.998717869034
-120.4671734421
-127.933225252434
-135.396724324869
-142.857521735177
-150.315468613036
-157.770416145004
-165.222215577487
-172.670718219707
-180.115775446668
-187.557238702123
-194.994959501541
-202.428789435062
-209.858580170466
-217.284183456129
-224.705451123982
-232.122235092468
-239.534387369496
-246.941760055394
-254.344205345861
-261.741575534915
-269.13372301784
-276.520500294136
-283.901759970453
-291.277354763541
-298.647137503185
-306.010961135141
-313.36867872407
-320.720143456474
-328.06520864362
-335.403727724469
-342.735554268604
-350.060541979145
-357.378544695674
-364.68941639715
-371.993011204819
-379.289183385131
-386.577787352642
-393.858677672925
-401.131709065464
-408.396736406562
-415.653614732229
-422.902199241079
-430.142345297219
-437.373908433133
-444.596744352567
-451.810708933404
-459.015658230546
-466.211448478782
-473.397936095658
-480.574977684341
-487.742430036481
-494.900150135069
-502.04799515729
-509.185822477373
-516.313489669438
-523.430854510334
-530.537774982483
-537.634109276709
-544.719715795069
-551.794453153679
-558.858180185534
-565.910755943328
-572.952039702259
-579.981890962848
-587.00016945373
-594.006735134465
-601.001448198323
-607.984169075077
-614.954758433792
-621.913077185597
-628.858986486467
-635.79234773999
-642.713022600136
-649.620872974012
-656.515761024622
-663.397549173617
-670.266100104037
-677.121276763056
-683.962942364711
-690.790960392636
-697.605194602784
-704.405509026144
-711.191767971459
-717.963836027928
-724.721578067912
-731.464859249627
-738.193545019838
-744.90750111654
-751.606593571642
-758.290688713634
-764.95965317026
-771.613353871175
-778.251658050604
-784.874433249987
-791.481547320626
-798.072868426319
-804.648265045992
-811.207605976322
-817.750760334359
-824.277597560132
-830.787987419256
-837.281800005533
-843.758905743544
-850.219175391229
-856.662480042474
-863.088691129675
-869.497680426312
-875.889320049498
-882.26348246254
-888.620040477477
-894.958867257621
-901.279836320088
-907.582821538321
-913.867697144605
-920.134337732581
-926.382618259744
-932.612414049939
-938.823600795851
-945.016054561483
-951.189651784631
-957.344269279345
-963.479784238395
-969.596074235712
-975.69301722884
-981.770491561364
-987.828375965341
-993.866549563719
-999.884891872749
-1005.88328280439
-1011.8616026687
-1017.81973217624
-1023.75755244043
-1029.67494497994
-1035.57179172104
-1041.44797499998
-1047.30337756531
-1053.13788258023
-1058.95137362494
-1064.74373469893
-1070.5148502233
-1076.26460504311
-1081.99288442961
-1087.69957408259
-1093.38456013262
-1099.04772914334
-1104.68896811372
-1110.30816448032
-1115.90520611952
-1121.47998134978
-1127.03237893384
-1132.56228808098
-1138.06959844919
-1143.5542001474
-1149.01598373764
-1154.45484023727
-1159.87066112112
-1165.26333832366
-1170.63276424117
-1175.97883173386
-1181.30143412806
-1186.60046521829
-1191.87581926941
-1197.12739101872
-1202.35507567807
-1207.55876893594
-1212.73836695954
-1217.89376639684
-1223.0248643787
-1228.13155852086
-1233.21374692599
-1238.27132818578
-1243.30420138289
-1248.31226609301
-1253.29542238685
-1258.25357083213
-1263.18661249557
-1268.09444894486
-1272.97698225064
-1277.83411498843
-1282.66575024059
-1287.47179159822
-1292.25214316317
-1297.00670954984
-1301.73539588716
-1306.43810782048
-1311.1147515134
-1315.76523364971
-1320.3894614352
-1324.98734259953
-1329.55878539808
-1334.10369861378
-1338.62199155889
-1343.11357407688
-1347.57835654418
-1352.01624987196
-1356.42716550796
-1360.81101543819
-1365.16771218874
-1369.49716882751
-1373.79929896593
-1378.0740167607
-1382.32123691548
-1386.54087468264
-1390.73284586489
-1394.89706681701
-1399.03345444748
-1403.14192622019
-1407.22240015601
-1411.27479483451
-1415.29902939552
-1419.29502354077
-1423.2626975355
-1427.20197221003
-1431.11276896137
-1434.99500975474
-1438.84861712518
-1442.67351417907
-1446.46962459565
-1450.23687262857
-1453.97518310739
-1457.68448143908
-1461.36469360952
-1465.01574618495
-1468.63756631344
-1472.2300817264
-1475.79322073993
-1479.32691225631
-1482.83108576543
-1486.30567134613
-1489.75059966768
-1493.1658019911
-1496.55121017055
-1499.90675665469
-1503.23237448806
-1506.52799731234
-1509.79355936777
-1513.02899549438
-1516.23424113332
-1519.40923232817
-1522.5539057262
-1525.66819857961
-1528.75204874682
-1531.80539469369
-1534.82817549474
-1537.8203308344
-1540.78180100817
-1543.71252692383
-1546.61245010265
-1549.48151268049
-1552.31965740902
-1555.12682765682
-1557.90296741053
-1560.64802127596
-1563.36193447921
-1566.04465286772
-1568.69612291143
-1571.31629170374
-1573.90510696268
-1576.46251703186
-1578.98847088155
-1581.4829181097
-1583.94580894292
-1586.37709423748
-1588.77672548032
-1591.14465478997
-1593.48083491754
-1595.78521924766
-1598.05776179938
-1600.29841722715
-1602.50714082164
-1604.68388851071
-1606.82861686025
-1608.94128307503
-1611.02184499962
-1613.07026111915
-1615.0864905602
-1617.07049309157
-1619.02222912514
-1620.9416597166
-1622.82874656624
-1624.68345201977
-1626.50573906898
-1628.29557135256
-1630.05291315678
-1631.7777294162
-1633.46998571442
-1635.12964828469
-1636.75668401065
-1638.35106042697
-1639.91274571996
-1641.44170872829
-1642.9379189435
-1644.40134651072
-1645.83196222918
-1647.22973755285
-1648.59464459097
-1649.92665610863
-1651.22574552731
-1652.4918869254
-1653.72505503873
-1654.92522526106
-1656.09237364459
-1657.22647690042
-1658.32751239902
-1659.39545817069
-1660.43029290598
-1661.43199595615
-1662.40054733353
-1663.33592771197
-1664.23811842718
-1665.10710147716
-1665.9428595225
-1666.74537588675
-1667.51463455676
-1668.25062018299
-1668.95331807984
-1669.62271422589
-1670.25879526423
-1670.8615485027
-1671.43096191417
-1671.96702413675
-1672.46972447402
-1672.93905289527
-1673.37500003567
-1673.77755719646
-1674.14671634517
-1674.4824701157
-1674.78481180854
-1675.05373539086
-1675.28923549664
-1675.49130742679
-1675.65994714923
-1675.79515129899
-1675.89691717824
-1675.96524275638
-1676.00012667006
-1676.00156822322
-1675.9695673871
-1675.90412480022
-1675.80524176842
-1675.67292026477
-1675.50716292957
-1675.30797307029
-1675.0753546615
-1674.80931234478
-1674.50985142867
-1674.17697788851
-1673.81069836634
-1673.41102017079
-1672.97795127691
-1672.51150032601
-1672.01167662551
-1671.47849014872
-1670.91195153468
-1670.3120720879
-1669.67886377819
-1669.01233924039
-1668.31251177409
-1667.57939534344
-1666.81300457681
-1666.01335476649
-1665.18046186845
-1664.31434250195
-1663.41501394927
-1662.4824941553
-1661.51680172725
-1660.51795593423
-1659.48597670688
-1658.42088463698
-1657.32270097703
-1656.19144763982
-1655.02714719803
-1653.82982288371
-1652.5994985879
-1651.33619886007
-1650.03994890771
-1648.71077459576
-1647.34870244612
-1645.95375963716
-1644.52597400309
-1643.06537403349
-1641.5719888727
-1640.04584831923
-1638.48698282521
-1636.89542349571
-1635.2712020882
-1633.61435101186
-1631.92490332697
-1630.2028927442
-1628.448353624
-1626.66132097586
-1624.84183045767
-1622.98991837493
-1621.10562168009
-1619.18897797181
-1617.24002549416
-1615.2588031359
-1613.24535042971
-1611.19970755136
-1609.12191531895
-1607.01201519205
-1604.87004927094
-1602.6960602957
-1600.4900916454
-1598.25218733721
-1595.98239202557
-1593.68075100121
-1591.34731019033
-1588.98211615366
-1586.5852160855
-1584.15665781282
-1581.69648979428
-1579.20476111926
-1576.68152150692
-1574.12682130515
-1571.5407114896
-1568.92324366267
-1566.27447005247
-1563.59444351175
-1560.8832175169
-1558.14084616682
-1555.36738418192
-1552.56288690294
-1549.72741028991
-1546.861010921
-1543.96374599142
-1541.03567331224
-1538.07685130928
-1535.08733902191
-1532.06719610187
-1529.01648281212
-1525.93526002559
-1522.82358922401
-1519.68153249663
-1516.50915253904
-1513.30651265187
-1510.07367673954
-1506.81070930903
-1503.51767546851
-1500.19464092611
-1496.84167198858
-1493.45883555997
-1490.04619914029
-1486.60383082419
-1483.13179929955
-1479.63017384616
-1476.09902433432
-1472.53842122343
-1468.94843556061
-1465.32913897926
-1461.68060369764
-1458.00290251745
-1454.29610882233
-1450.56029657643
-1446.79554032295
-1443.00191518258
-1439.17949685211
-1435.32836160281
-1431.44858627898
-1427.5402482964
-1423.60342564078
-1419.63819686617
-1415.64464109348
-1411.62283800881
-1407.57286786191
-1403.49481146457
-1399.38875018899
-1395.25476596618
-1391.09294128431
-1386.90335918709
-1382.68610327206
-1378.44125768899
-1374.16890713812
-1369.86913686856
-1365.54203267652
-1361.18768090362
-1356.80616843519
-1352.3975826985
-1347.96201166102
-1343.49954382871
-1339.01026824418
-1334.49427448498
-1329.95165266178
-1325.38249341658
-1320.78688792089
-1316.16492787392
-1311.51670550076
-1306.84231355053
-1302.14184529452
-1297.41539452433
-1292.66305555004
-1287.88492319827
-1283.0810928103
-1278.25166024021
-1273.39672185292
-1268.51637452229
-1263.61071562918
-1258.67984305951
-1253.7238552023
-1248.74285094773
-1243.73692968513
-1238.70619130101
-1233.65073617711
-1228.57066518831
-1223.4660797007
-1218.33708156952
-1213.18377313712
-1208.00625723095
-1202.80463716146
-1197.5790167201
-1192.32950017718
-1187.05619227985
-1181.75919824999
-1176.43862378207
-1171.09457504112
-1165.72715866054
-1160.33648174
-1154.92265184332
-1149.4857769963
-1144.02596568457
-1138.54332685141
-1133.03796989563
-1127.51000466932
-1121.95954147569
-1116.38669106689
-1110.79156464175
-1105.17427384361
-1099.53493075804
-1093.87364791068
-1088.19053826491
-1082.48571521965
-1076.75929260708
-1071.01138469037
-1065.24210616141
-1059.4515721385
-1053.63989816406
-1047.80720020236
-1041.95359463713
-1036.07919826933
-1030.18412831473
-1024.26850240166
-1018.33243856857
-1012.37605526176
-1006.39947133296
-1000.40280603696
-994.386179029292
-988.349710363756
-982.293520490084
-976.217730251516
-970.122460882392
-964.00783400573
-957.873971630803
-951.720996150703
-945.549030339898
-939.358197351783
-933.148620716222
-926.920424337085
-920.673732489774
-914.408669818742
-908.125361335009
-901.823932413665
-895.504508791371
-889.167216563846
-882.812182183356
-876.439532456184
-870.049394540109
-863.641895941861
-857.217164514579
-850.77532845526
-844.316516302204
-837.840856932443
-831.348479559175
-824.839513729183
-818.314089320251
-811.772336538571
-805.214385916147
-798.64036830819
-792.050414890505
-785.444657156876
-778.823226916441
-772.186256291061
-765.533877712687
-758.866223920712
-752.183427959329
-745.485623174872
-738.772943213154
-732.045522016805
-725.303493822596
-718.546993158761
-711.776154842313
-704.991113976354
-698.192005947379
-691.378966422575
-684.552131347112
-677.711636941434
-670.857619698539
-663.990216381251
-657.109564019502
-650.215799907585
-643.309061601425
-636.389486915827
-629.45721392173
-622.512380943451
-615.555126555926
-608.585589581941
-601.603909089367
-594.610224388382
-587.604675028692
-580.587400796746
-573.558541712949
-566.518238028865
-559.466630224419
-552.403859005098
-545.330065299136
-538.245390254709
-531.149975237115
-524.043961825953
-516.927491812301
-509.800707195881
-502.663750182234
-495.516763179873
-488.359888797449
-481.193269840903
-474.017049310613
-466.831370398547
-459.636376485401
-452.432211137738
-445.219018105129
-437.996941317275
-430.766124881146
-423.526713078096
-416.27885036099
-409.022681351319
-401.758350836316
-394.486003766066
-387.205785250612
-379.917840557063
-372.622315106694
-365.319354472043
-358.009104374006
-350.691710678932
-343.367319395713
-336.036076672864
-328.698128795616
-321.353622182989
-314.002703384876
-306.645519079115
-299.282216068566
-291.912941278178
-284.537841752058
-277.157064650542
-269.77075724725
-262.379066926153
-254.982141178634
-247.580127600537
-240.173173889231
-232.761427840657
-225.345037346381
-217.924150390643
-210.498915047403
-203.069479477389
-195.635991925137
-188.198600716037
-180.75745425337
-173.312701015348
-165.864489552152
-158.412968482966
-150.958286493015
-143.500592330595
-136.040034804106
-128.57676277908
-121.110925175219
-113.642670963411
-106.17214916277
-98.6995088376539
-91.2248990946924
-83.7484690798136
-76.2703679752664
-68.790744996644
-61.3097493899066
-53.8275304284035
-46.3442374098941
-38.8600196535695
-31.3750264970726
-23.8894072935183
-16.4033114085136
-8.91688821717687
-1.43028710115765
6.05634255434443
13.5428513635602
21.0290899431319
28.5149089150937
36.0001589098526
43.4846905691688
50.9683545491358
58.4510015231607
65.9324821849433
73.412647251456
80.8913474659218
88.3684336007931
95.843756460729
103.317166885573
110.788515753327
118.25765398313
125.724432538232
133.188702428966
140.650314715722
148.109120511919
155.564970986976
163.017717369283
170.467210949165
177.913303081854
185.355845190455
192.794688768906
200.229685384946
207.660686683075
215.087544387513
222.510110305162
229.92823632856
237.341774438836
244.750576708666
252.154495305223
259.553382493128
266.947090637397
274.335472206384
281.718379774733
289.09566602631
296.467183757149
303.832785878386
311.192325419196
318.545655529726
325.892629484021
333.233100682957
340.566922657163
347.893949069944
355.214033720202
362.527030545353
369.832793624241
377.13117718005
384.42203558321
391.70522335431
398.980595166994
406.248005850861
413.507310394367
420.758363947714
428.001021825742
435.235139510815
442.460572655705
449.677177086473
456.884808805346
464.083323993588
471.272579014372
478.452430415646
485.622734932994
492.783349492495
499.93413121358
507.07493741188
514.205625602073
521.326053500732
528.436079029156
535.535560316214
542.624355701169
549.702323736506
556.769323190757
563.825213051319
570.869852527262
577.903101052146
584.924818286821
591.934864122229
598.9330986822
605.91938232624
612.893575652322
619.855539499664
626.805134951507
633.742223337889
640.666666238407
647.578325484984
654.477063164622
661.362741622158
668.235223463006
675.094371555904
681.940049035644
688.772119305808
695.590446041492
702.394893192026
709.185324983688
715.961605922413
722.7236007965
729.471174679306
736.20419293194
742.92252120595
749.626025446001
756.314571892553
762.988027084531
769.646257861982
776.289131368741
782.916515055071
789.528276680319
796.124284315547
802.704406346168
809.26851147457
815.816468722737
822.348147434865
828.863417279964
835.362148254462
841.844210684799
848.309475230012
854.757812884318
861.18909497969
867.60319318842
873.99997952568
880.379326352082
886.741106376215
893.085192657195
899.411458607191
905.719777993952
912.010024943328
918.282073941783
924.535799838892
930.771077849846
936.987783557941
943.185792917054
949.364982254128
955.52522827163
961.666408050018
967.788399050193
973.891079115939
979.974326476367
986.038019748342
992.082037938902
998.106260447678
1004.1105670693
1010.09483799578
1016.05895381893
1022.00279553274
1027.92624453571
1033.82918263327
1039.71149204012
1045.57305538259
1051.41375570093
1057.23347645172
1063.03210151014
1068.80951517233
1074.56560215765
1080.30024761102
1086.01333710518
1091.70475664302
1097.3743926598
1103.02213202546
1108.64786204683
1114.25147046994
1119.83284548221
1125.39187571471
1130.92845024434
1136.44245859611
1141.9337907453
1147.40233711964
1152.84798860155
1158.27063653027
1163.67017270405
1169.04648938231
1174.39947928777
1179.72903560862
1185.03505200062
1190.31742258926
1195.57604197182
1200.81080521955
1206.02160787966
1211.20834597751
1216.37091601861
1221.50921499073
1226.62314036591
1231.71259010256
1236.77746264745
1241.81765693778
1246.83307240313
1251.82360896755
1256.7891670515
1261.72964757385
1266.64495195386
1271.53498211314
1276.39964047763
1281.23882997952
1286.0524540592
1290.84041666719
1295.60262226603
1300.33897583222
1305.04938285812
1309.73374935379
1314.39198184892
1319.02398739464
1323.62967356543
1328.20894846092
1332.76172070776
1337.28789946142
1341.78739440799
1346.26011576602
1350.70597428829
1355.12488126358
1359.51674851846
1363.88148841905
1368.21901387274
1372.52923832997
1376.81207578592
1381.06744078224
1385.29524840878
1389.49541430524
1393.66785466287
1397.81248622615
1401.92922629447
1406.01799272372
1410.07870392801
1414.11127888121
1418.11563711864
1422.09169873864
1426.03938440418
1429.95861534441
1433.84931335629
1437.71140080609
1441.54480063097
1445.34943634053
1449.12523201831
1452.8721123233
1456.59000249148
1460.27882833727
1463.93851625506
1467.56899322062
1471.17018679259
1474.74202511393
1478.28443691335
1481.79735150671
1485.28069879845
1488.73440928301
1492.15841404617
1495.55264476645
1498.91703371647
1502.25151376433
1505.55601837488
1508.83048161112
1512.07483813548
1515.28902321113
1518.47297270325
1521.62662308037
1524.74991141557
1527.84277538777
1530.90515328297
1533.93698399548
1536.93820702913
1539.90876249851
1542.84859113012
1545.75763426357
1548.63583385276
1551.48313246704
1554.29947329233
1557.0848001323
1559.83905740943
1562.56219016618
1565.25414406603
1567.91486539463
1570.54430106079
1573.14239859763
1575.70910616354
1578.24437254328
1580.74814714898
1583.22038002112
1585.66102182958
1588.07002387459
1590.44733808771
1592.79291703278
1595.10671390688
1597.38868254127
1599.63877740229
1601.85695359227
1604.04316685045
1606.19737355385
1608.31953071813
1610.40959599844
1612.46752769032
1614.49328473046
1616.48682669757
1618.44811381316
1620.37710694235
1622.27376759463
1624.13805792465
1625.96994073298
1627.76937946683
1629.53633822077
1631.27078173749
1632.97267540846
1634.64198527466
1636.27867802722
1637.88272100811
1639.45408221078
1640.99273028079
1642.49863451646
1643.97176486947
1645.41209194546
1646.81958700461
1648.19422196223
1649.53596938929
1650.844802513
1652.12069521733
1653.36362204355
1654.57355819068
1655.75047951606
1656.89436253578
1658.00518442517
1659.08292301926
1660.12755681321
1661.13906496272
1662.11742728449
1663.06262425661
1663.97463701892
1664.8534473734
1665.69903778458
1666.51139137981
1667.29049194965
1668.03632394819
1668.74887249333
1669.42812336712
1670.074063016
1670.6866785511
1671.2659577485
1671.81188904944
1672.32446156059
1672.80366505425
1673.24948996854
1673.66192740762
1674.04096914184
1674.38660760794
1674.69883590916
1674.97764781538
1675.2230377633
1675.43500085647
1675.61353286546
1675.7586302279
1675.87029004856
1675.94851009942
1675.9932888197
1676.0046253159
1675.98251936182
1675.92697139855
1675.83798253447
1675.71555454525
1675.55968987377
1675.3703916301
1675.14766359143
1674.89151020202
1674.60193657306
1674.27894848262
1673.92255237548
1673.53275536306
1673.10956522325
1672.65299040023
1672.16304000437
1671.63972381196
1671.0830522651
1670.49303647141
1669.86968820389
1669.21301990062
1668.52304466454
1667.79977626321
1667.04322912848
1666.25341835624
1665.43035970613
1664.57406960118
1663.68456512754
1662.76186403408
1661.80598473208
1660.81694629484
1659.79476845732
1658.73947161572
1657.65107682708
1656.52960580889
1655.37508093861
1654.18752525326
1652.96696244892
1651.71341688033
1650.4269135603
1649.10747815933
1647.75513700498
1646.36991708143
1644.95184602891
1643.50095214315
1642.01726437481
1640.50081232892
1638.95162626426
1637.36973709278
1635.755176379
1634.10797633932
1632.42816984145
1630.71579040368
1628.97087219429
1627.19345003081
1625.38355937933
1623.54123635382
1621.6665177154
1619.7594408716
1617.82004387559
1615.84836542549
1613.84444486351
1611.80832217524
1609.74003798881
1607.63963357408
1605.50715084184
1603.34263234295
1601.14612126752
1598.917661444
1596.65729733836
1594.36507405317
1592.04103732671
1589.68523353205
1587.29770967612
1584.8785133988
1582.42769297196
1579.94529729844
1577.43137591119
1574.88597897215
1572.30915727136
1569.70096222587
1567.06144587876
1564.39066089807
1561.68866057578
1558.95549882673
1556.19123018754
1553.39590981551
1550.56959348757
1547.7123375991
1544.82419916286
1541.90523580782
1538.95550577803
1535.97506793145
1532.96398173874
1529.92230728216
1526.85010525427
1523.7474369568
1520.61436429939
1517.45094979833
1514.25725657538
1511.03334835644
1507.77928947034
1504.4951448475
1501.18098001867
1497.83686111363
1494.46285485982
1491.05902858107
1487.62545019623
1484.16218821779
1480.66931175056
1477.14689049026
1473.59499472213
1470.01369531954
1466.40306374258
1462.76317203661
1459.09409283085
1455.3958993369
1451.66866534731
1447.9124652341
1444.12737394727
1440.31346701328
1436.47082053359
1432.59951118313
1428.69961620874
1424.77121342764
1420.81438122592
1416.8291985569
1412.81574493964
1408.77410045726
1404.70434575544
1400.60656204072
1396.48083107896
1392.32723519364
1388.14585726427
1383.93678072468
1379.70008956144
1375.43586831209
1371.14420206351
1366.82517645021
1362.47887765263
1358.1053923954
1353.7048079456
1349.27721211108
1344.82269323864
1340.3413402123
1335.83324245151
1331.29848990938
1326.7371730709
1322.1493829511
1317.53521109324
1312.894749567
1308.22809096664
1303.53532840916
1298.81655553239
1294.07186649321
1289.30135596559
1284.50511913873
1279.6832517152
1274.83584990896
1269.96301044349
1265.06483054983
1260.14140796468
1255.19284092841
1250.2192281831
1245.22066897061
1240.19726303056
1235.14911059836
1230.07631240319
1224.97896966602
1219.85718409756
1214.71105789626
1209.54069374624
1204.34619481526
1199.12766475266
1193.88520768729
1188.61892822543
1183.3289314487
1178.01532291198
1172.67820864129
1167.31769513165
1161.93388934501
1156.52689870809
1151.09683111019
1145.64379490114
1140.16789888903
1134.66925233811
1129.14796496658
1123.60414694442
1118.03790889115
1112.44936187369
1106.83861740407
1101.20578743727
1095.55098436893
1089.87432103317
1084.17591070026
1078.45586707443
1072.71430429157
1066.95133691695
1061.16707994295
1055.36164878674
1049.53515928801
1043.68772770662
1037.81947072034
1031.93050542243
1026.0209493194
1020.09092032861
1014.14053677592
1008.16991739334
1002.17918131668
996.168448083119
990.13783762888
984.087470286796
978.017466783927
971.927948239144
965.819036160718
959.690852443889
953.543519368438
947.377159596248
941.191896168853
934.987852504983
928.765152398105
922.52392001395
916.264279888035
909.986356923181
903.690276387016
897.37616390948
891.044145480318
884.694347446562
878.326896510012
871.941919724712
865.539544494407
859.119898570007
852.683110047035
846.229307363073
839.758619295197
833.271174957409
826.767103798059
820.246535597264
813.709600464318
807.156428835096
800.587151469448
794.001899448595
787.400804172511
780.783997357301
774.151611032571
767.503777538799
760.840629524687
754.16229994452
747.468922055512
740.760629415144
734.037555878502
727.299835595605
720.547603008729
713.780992849722
707.00014013732
700.205180174449
693.396248545526
686.573481113754
679.737014018412
672.886983672138
666.023526758205
659.146780227796
652.256881297272
645.353967445431
638.438176410767
631.509646188722
624.568515028931
617.614921432462
610.649004149059
603.670902174364
596.680754747151
589.678701346545
582.664881689238
575.639435726703
568.602503642399
561.554225848978
554.494742985477
547.424195914518
540.342725719494
533.250473701754
526.147581377785
519.034190476385
511.91044293584
504.776480901086
497.63244672088
490.47848294495
483.31473232116
476.141337792655
468.958442495014
461.766189753389
454.564723079648
447.354186169511
440.134722899682
432.90647732498
425.669593675462
418.424216353547
411.170489931132
403.908559146714
396.638568902491
389.360664261481
382.074990444623
374.781692827879
367.480916939332
360.172808456287
352.857513202359
345.535177144566
338.205946390418
330.869967184996
323.52738590804
316.178349071024
308.823003314236
301.461495403848
294.093972228991
286.720580798822
279.341468239592
271.956781791709
264.5666688068
257.171276744773
249.77075317087
242.36524575273
234.954902257433
227.53987054856
220.120298583239
212.696334409191
205.268126161778
197.835822061048
190.399570408775
182.959519585504
175.515818047583
168.068614324208
160.618057014456
153.164294784322
145.707476363746
138.247750543657
130.785266172991
123.320172155731
115.852617447932
108.382751054746
100.910722027455
93.4366794604915
85.9607724884657
78.48315028319
71.0039620507018
63.5233570282866
56.0414844814999
48.558493701189
41.0745340005143
33.5897547119694
26.1043051844019
18.618334780033
11.1319928714774
3.64542883876259
-3.84120793365163
-11.3277680598541
-18.8141021554631
-26.300060840607
-33.7854947429049
-41.2702545004473
-48.7541907647765
-56.2371542038663
-63.7189955051021
-71.19956537826
-78.6787145584858
-86.1562938092733
-93.6321539254421
-101.106145736115
-108.578120107694
-116.047927946838
-123.515420203433
-130.980447873572
-138.442862002526
-145.902513687713
-153.359254081674
-160.81293439504
-168.263405899504
-175.710519930783
-183.15412789159
-190.594081254597
-198.030231565399
-205.462430445475
-212.890529595149
-220.314380796551
-227.733835916573
-235.148746909824
-242.558965821586
-249.964344790766
-257.364736052843
-264.759991942821
-272.149964898173
-279.534507461787
-286.913472284906
-294.28671213007
-301.654079874053
-309.015428510799
-316.370611154355
-323.719481041804
-331.06189153619
-338.397696129446
-345.726748445316
-353.048902242279
-360.364011416463
-367.671930004563
-374.972512186752
-382.265612289592
-389.551084788938
-396.828784312847
-404.098565644473
-411.360283724967
-418.613793656373
-425.858950704516
-433.095610301894
-440.323628050558
-447.542859724996
-454.753161275013
-461.954388828598
-469.146398694805
-476.329047366612
-483.502191523785
-490.665688035745
-497.819393964415
-504.963166567077
-512.096863299221
-519.220341817386
-526.333459982002
-533.436075860227
-540.528047728777
-547.609234076756
-554.679493608479
-561.73868524629
-568.786668133379
-575.823301636592
-582.848445349236
-589.861959093882
-596.863702925162
-603.85353713256
-610.831322243202
-617.796919024637
-624.750188487616
-631.690991888865
-638.619190733855
-645.534646779562
-652.437222037231
-659.326778775122
-666.203179521265
-673.066287066199
-679.915964465714
-686.752075043577
-693.574482394265
-700.383050385684
-707.177643161887
-713.958125145783
-720.724361041844
-727.476215838802
-734.213554812347
-740.936243527812
-747.644147842856
-754.337133910141
-761.015068180005
-767.677817403123
-774.325248633166
-780.957229229458
-787.573626859619
-794.174309502205
-800.759145449346
-807.328003309371
-813.880752009429
-820.417260798108
-826.937399248041
-833.44103725851
-839.92804505804
-846.398293206991
-852.851652600139
-859.287994469254
-865.707190385666
-872.109112262832
-878.493632358888
-884.8606232792
-891.209957978906
-897.541509765448
-903.855152301107
-910.150759605514
-916.428206058174
-922.687366400964
-928.928115740639
-935.150329551319
-941.353883676977
-947.538654333915
-953.704518113234
-959.851351983297
-965.979033292183
-972.087439770135
-978.176449532002
-984.245941079666
-990.295793304469
-996.325885489632
-1002.33609731266
-1008.32630884774
-1014.29640056815
-1020.24625334862
-1026.17574846773
-1032.08476761026
-1037.97319286957
-1043.84090674994
-1049.68779216892
-1055.51373245967
-1061.31861137326
-1067.10231308104
-1072.8647221769
-1078.60572367962
-1084.32520303511
-1090.02304611876
-1095.69913923765
-1101.35336913287
-1106.98562298177
-1112.59578840018
-1118.18375344468
-1123.74940661486
-1129.29263685547
-1134.81333355871
-1140.31138656639
-1145.78668617215
-1151.23912312365
-1156.66858862474
-1162.07497433764
-1167.45817238507
-1172.81807535247
-1178.15457629008
-1183.46756871509
-1188.75694661378
-1194.02260444364
-1199.26443713543
-1204.48234009535
-1209.67620920704
-1214.84594083375
-1219.99143182033
-1225.11257949532
-1230.20928167302
-1235.2814366555
-1240.32894323462
-1245.35170069407
-1250.34960881141
-1255.32256785999
-1260.27047861101
-1265.19324233547
-1270.09076080615
-1274.96293629956
-1279.80967159789
-1284.63086999098
-1289.42643527819
-1294.19627177039
-1298.9402842918
-1303.65837818195
-1308.35045929752
-1313.01643401427
-1317.65620922885
-1322.26969236069
-1326.85679135386
-1331.41741467889
-1335.95147133457
-1340.45887084981
-1344.93952328545
-1349.39333923599
-1353.82022983145
-1358.22010673909
-1362.5928821652
-1366.93846885684
-1371.2567801036
-1375.5477297393
-1379.81123214373
-1384.04720224434
-1388.25555551798
-1392.43620799253
-1396.58907624861
-1400.71407742125
-1404.81112920151
-1408.88014983816
-1412.92105813928
-1416.93377347392
-1420.91821577364
-1424.8743055342
-1428.80196381706
-1432.70111225101
-1436.57167303371
-1440.41356893326
-1444.22672328971
-1448.01106001662
-1451.76650360258
-1455.49297911268
-1459.19041219005
-1462.8587290573
-1466.49785651805
-1470.10772195833
-1473.68825334805
-1477.23937924247
-1480.76102878357
-1484.2531317015
-1487.71561831598
-1491.14841953769
-1494.55146686962
-1497.92469240847
-1501.26802884601
-1504.58140947038
-1507.86476816747
-1511.11803942221
-1514.34115831988
-1517.53406054743
-1520.69668239471
-1523.82896075581
-1526.93083313025
-1530.0022376243
-1533.04311295214
-1536.05339843714
-1539.03303401305
-1541.98196022518
-1544.90011823162
-1547.78744980441
-1550.64389733065
-1553.46940381375
-1556.26391287444
-1559.02736875202
-1561.75971630539
-1564.46090101417
-1567.13086897979
-1569.7695669266
-1572.37694220288
-1574.95294278189
-1577.49751726298
-1580.01061487252
-1582.49218546499
-1584.94217952394
-1587.36054816298
-1589.74724312677
-1592.10221679199
-1594.42542216824
-1596.71681289906
-1598.97634326276
-1601.20396817343
-1603.39964318176
-1605.56332447597
-1607.69496888266
-1609.7945338677
-1611.86197753705
-1613.89725863761
-1615.90033655805
-1617.8711713296
-1619.80972362687
-1621.71595476862
-1623.58982671853
-1625.43130208597
-1627.24034412674
-1629.01691674381
-1630.76098448802
-1632.47251255882
-1634.15146680494
-1635.79781372505
-1637.41152046851
-1638.99255483592
-1640.54088527984
-1642.0564809054
-1643.53931147088
-1644.98934738838
-1646.40655972435
-1647.79092020018
-1649.14240119282
-1650.46097573524
-1651.74661751704
-1652.99930088494
-1654.2190008433
-1655.40569305464
-1656.55935384007
-1657.67996017983
-1658.76748971371
-1659.82192074149
-1660.8432322234
-1661.83140378053
-1662.78641569521
-1663.70824891147
-1664.59688503532
-1665.45230633523
-1666.27449574239
-1667.0634368511
-1667.81911391908
-1668.54151186781
-1669.23061628279
-1669.88641341386
-1670.50889017545
-1671.09803414686
-1671.65383357252
-1672.17627736216
-1672.66535509114
-1673.12105700054
-1673.54337399743
-1673.93229765506
-1674.28782021294
-1674.60993457712
-1674.89863432021
-1675.15391368161
-1675.37576756754
-1675.56419155121
-1675.71918187287
-1675.84073543989
-1675.92884982684
-1675.98352327549
-1676.00475469493
-1675.9925436615
-1675.94689041886
-1675.86779587796
-1675.75526161703
-1675.60928988154
-1675.42988358415
-1675.21704630469
-1674.97078229004
-1674.69109645408
-1674.37799437755
-1674.03148230801
-1673.65156715964
-1673.23825651314
-1672.79155861557
-1672.31148238021
-1671.79803738634
-1671.25123387906
-1670.67108276913
-1670.05759563268
-1669.41078471104
-1668.73066291047
-1668.01724380189
-1667.27054162063
-1666.49057126615
-1665.67734830172
-1664.83088895412
-1663.95121011334
-1663.0383293322
-1662.09226482601
-1661.11303547225
-1660.10066081014
-1659.05516104027
-1657.97655702421
-1656.86487028407
-1655.72012300207
-1654.54233802015
-1653.33153883942
-1652.0877496198
-1650.81099517944
-1649.50130099428
-1648.15869319754
-1646.78319857917
-1645.37484458534
-1643.9336593179
-1642.45967153378
-1640.95291064446
-1639.41340671535
-1637.84119046521
-1636.23629326553
-1634.59874713991
-1632.92858476341
-1631.22583946191
-1629.49054521142
-1627.72273663746
-1625.92244901429
-1624.08971826426
-1622.22458095709
-1620.32707430912
-1618.39723618259
-1616.43510508484
-1614.44072016761
-1612.4141212262
-1610.35534869872
-1608.26444366522
-1606.14144784696
-1603.9864036055
-1601.79935394189
-1599.5803424958
-1597.32941354467
-1595.0466120028
-1592.73198342048
-1590.38557398303
-1588.00743050996
-1585.59760045396
-1583.1561319
-1580.68307356435
-1578.1784747936
-1575.6423855637
-1573.07485647896
-1570.47593877101
-1567.8456842978
-1565.18414554259
-1562.49137561284
-1559.76742823921
-1557.01235777446
-1554.22621919236
-1551.40906808663
-1548.56096066977
-1545.68195377199
-1542.77210484006
-1539.83147193616
-1536.86011373671
-1533.85808953123
-1530.82545922113
-1527.76228331853
-1524.66862294505
-1521.54453983057
-1518.39009631203
-1515.20535533217
-1511.99038043828
-1508.74523578091
-1505.46998611263
-1502.16469678669
-1498.82943375578
-1495.46426357063
-1492.06925337876
-1488.64447092309
-1485.18998454063
-1481.70586316105
-1478.1921763054
-1474.64899408462
-1471.07638719823
-1467.47442693286
-1463.84318516084
-1460.18273433881
-1456.49314750618
-1452.7744982838
-1449.02686087235
-1445.25031005099
-1441.44492117578
-1437.61077017821
-1433.74793356367
-1429.85648840995
-1425.93651236569
-1421.98808364879
-1418.01128104494
-1414.00618390594
-1409.9728721482
-1405.91142625111
-1401.82192725545
-1397.70445676173
-1393.55909692863
-1389.3859304713
-1385.18504065975
-1380.95651131716
-1376.70042681824
-1372.4168720875
-1368.1059325976
-1363.76769436763
-1359.40224396137
-1355.0096684856
-1350.59005558834
-1346.14349345711
-1341.67007081716
-1337.1698769297
-1332.64300159015
-1328.08953512629
-1323.50956839651
-1318.90319278798
-1314.27050021481
-1309.61158311624
-1304.92653445479
-1300.2154477144
-1295.47841689854
-1290.71553652839
-1285.92690164092
-1281.11260778698
-1276.27275102943
-1271.40742794119
-1266.51673560333
-1261.60077160313
-1256.65963403215
-1251.69342148422
-1246.70223305353
-1241.68616833264
-1236.64532741047
-1231.5798108703
-1226.48971978781
-1221.37515572903
-1216.23622074828
-1211.07301738621
-1205.8856486677
-1200.6742180998
-1195.43882966972
-1190.17958784268
-1184.89659755988
-1179.58996423639
-1174.25979375904
-1168.90619248431
-1163.52926723623
-1158.1291253042
-1152.70587444091
-1147.25962286012
-1141.79047923458
-1136.29855269378
-1130.78395282185
-1125.24678965531
-1119.68717368091
-1114.10521583343
-1108.50102749342
-1102.87472048503
-1097.22640707377
-1091.55619996423
-1085.86421229789
-1080.15055765081
-1074.4153500314
-1068.65870387811
-1062.8807340572
-1057.08155586038
-1051.26128500257
-1045.42003761957
-1039.55793026571
-1033.67507991158
-1027.77160394165
-1021.84762015197
-1015.90324674777
-1009.93860234115
-1003.95380594867
-997.948976989023
-991.924235280599
-985.879701039133
-979.815494875293
-973.731737792274
-967.628551183381
-961.506056829612
-955.364376897225
-949.203633935301
-943.023950873297
-936.825451018596
-930.608258054046
-924.372496035487
-918.118289389286
-911.845762909843
-905.555041757108
-899.246251454083
-892.919517884313
-886.574967289378
-880.212726266375
-873.832921765389
-867.435681086959
-861.021131879542
-854.589402136964
-848.140620195864
-841.674914733136
-835.192414763361
-828.693249636232
-822.177549033971
-815.645442968746
-809.097061780073
-802.532536132218
-795.951997011586
-789.355575724111
-782.743403892635
-776.11561345428
-769.472336657818
-762.813706061029
-756.139854528059
-749.450915226768
-742.74702162607
-736.028307493276
-729.294906891417
-722.546954176577
-715.784583995204
-709.007931281431
-702.217131254378
-695.412319415457
-688.593631545666
-681.761203702881
-674.915172219143
-668.055673697932
-661.182845011447
-654.296823297874
-647.397745958645
-640.485750655703
-633.560975308751
-626.623558092499
-619.67363743391
-612.711352009438
-605.736840742257
-598.750242799494
-591.751697589446
-584.741344758806
-577.71932418987
-570.685775997749
-563.640840527572
-556.584658351686
-549.517370266852
-542.439117291433
-535.350040662584
-528.250281833431
-521.139982470247
-514.01928444963
-506.888329855669
-499.747260977108
-492.59622030451
-485.43535052741
-478.26479453147
-471.084695395631
-463.895196389249
-456.696440969246
-449.488572777244
-442.271735636694
-435.046073550016
-427.811730695715
-420.568851425512
-413.317580261462
-406.058061893065
-398.790441174388
-391.514863121165
-384.231472907912
-376.940415865023
-369.641837475876
-362.335883373926
-355.022699339801
-347.702431298393
-340.375225315945
-333.04122759714
-325.700584482177
-318.353442443858
-310.999948084662
-303.640248133819
-296.274489444386
-288.90281899031
-281.525383863503
-274.142331270903
-266.753808531534
-259.359963073573
-251.960942431403
-244.556894242672
-237.147966245344
-229.734306274757
-222.316062260665
-214.893382224293
-207.466414275381
-200.035306609226
-192.600207503731
-185.161265316441
-177.718628481584
-170.272445507112
-162.822864971734
-155.370035521953
-147.914105869099
-140.455224786365
-132.993541105832
-125.529203715507
-118.062361556346
-110.593163619285
-103.121758942267
-95.6482966072651
-88.1729257373133
-80.6957954935264
-73.2170550721253
-65.73685370146
-58.2553406390318
-50.7726651685149
-43.2889765967779
-35.8044242509047
-28.3191574752143
-20.8333256282815
-13.3470780799562
-5.86056420838313
1.62606660297891
9.11266496833769
16.5990815025484
24.0851668240945
31.5707715580683
39.0557463391515
46.5399418145959
54.0232086472031
61.5053975183046
68.9863591307414
76.4659442118425
83.9440035164038
91.4203878296663
98.8949479702931
106.367534793346
113.837999193262
121.306192106829
128.771964516157
136.235167451657
143.695651995008
151.153269282133
158.607870506165
166.05930692042
173.507429841364
180.952090651578
188.393140802726
195.830431818518
203.26381529767
210.693142916871
218.118266433739
225.539037689776
232.955308613332
240.366931222552
247.773757628333
255.175640037275
262.572430754626
269.963982187235
277.350146846492
284.730777351275
292.105726430886
299.474846927994
306.83799180157
314.195014129819
321.545767113114
328.890104076926
336.227878474748
343.558943891018
350.883154044047
358.200362788931
365.510424120471
372.813192176084
380.108521238715
387.396265739746
394.676280261896
401.948419542128
409.212538474543
416.468492113279
423.716135675401
430.955324543789
438.185914270029
445.407760577288
452.620719363197
459.824646702727
467.019398851059
474.204832246451
481.380803513108
488.547169464036
495.703787103904
502.850513631894
509.987206444554
517.113723138641
524.229921513962
531.335659576213
538.430795539811
545.515187830725
552.5886950893
559.651176173076
566.702490159605
573.742496349267
580.77105426807
587.78802367046
594.793264542116
601.786637102743
608.768001808864
615.737219356602
622.69415068446
629.638656976096
636.570599663095
643.489840427731
650.396241205727
657.289664189013
664.169971828472
671.037026836686
677.890692190678
684.730831134641
691.557307182671
698.36998412149
705.168726013162
711.953397197804
718.7238622963
725.479986212993
732.221634138388
738.94867155184
745.660964224234
752.35837822067
759.040779903131
765.70803593315
772.360013274473
778.996579195711
785.61760127299
792.222947392591
798.812485753591
805.386084870488
811.943613575827
818.484941022815
825.009936687937
831.518470373554
838.010412210506
844.4856326607
850.944002519697
857.385392919288
863.809675330069
870.216721564
876.606403776969
882.978594471339
889.333166498491
895.669993061366
901.988947716992
908.289904379005
914.57273732017
920.837321174884
927.083530941682
933.311241985729
939.520330041308
945.7106712143
951.882141984651
958.034619208846
964.167980122359
970.282102342103
976.376863868876
982.452143089792
988.507818780709
994.543770108646
1000.5598766342
1006.55601831393
1012.5320755028
1018.48792895649
1024.42345983385
1030.33854969923
1036.23308052485
1042.10693469317
1047.95999499921
1053.79214465292
1059.60326728148
1065.39324693164
1071.16196807203
1076.90931559548
1082.63517482128
1088.3394314975
1094.02197180327
1099.68268235103
1105.32145018879
1110.93816280243
1116.53270811789
1122.10497450344
1127.65485077189
1133.18222618281
1138.68699044476
1144.16903371746
1149.62824661401
1155.06452020306
1160.47774601097
1165.86781602399
1171.23462269044
1176.57805892278
1181.89801809985
1187.1943940689
1192.46708114777
1197.71597412699
1202.94096827186
1208.14195932454
1213.31884350615
1218.47151751883
1223.59987854781
1228.70382426344
1233.78325282324
1238.83806287396
1243.86815355357
1248.87342449326
1253.8537758195
1258.80910815598
1263.73932262561
1268.6443208525
1273.52400496391
1278.37827759222
1283.20704187684
1288.01020146619
1292.7876605196
1297.53932370919
1302.26509622182
1306.96488376098
1311.63859254864
1316.28612932712
1320.907401361
1325.50231643892
1330.07078287544
1334.61270951287
1339.12800572308
1343.61658140933
1348.07834700804
1352.51321349059
1356.9210923651
1361.30189567819
1365.65553601674
1369.98192650962
1374.28098082947
1378.55261319433
1382.79673836945
1387.01327166895
1391.20212895748
1395.36322665196
1399.4964817232
1403.60181169757
1407.67913465865
1411.72836924888
1415.74943467114
1419.7422506904
1423.70673763532
1427.64281639981
1431.55040844464
1435.42943579899
1439.27982106202
1443.10148740438
1446.8943585698
1450.65835887656
1454.39341321902
1458.09944706913
1461.77638647789
1465.42415807685
1469.04268907957
1472.63190728306
1476.19174106922
1479.7221194063
1483.22297185027
1486.69422854626
1490.13582022996
1493.54767822895
1496.92973446415
1500.28192145109
1503.60417230133
1506.89642072377
1510.15860102594
1513.39064811537
1516.59249750084
1519.76408529368
1522.90534820909
1526.0162235673
1529.09664929494
1532.14656392619
1535.16590660404
1538.15461708152
1541.11263572287
1544.03990350476
1546.93636201742
1549.80195346588
1552.63662067106
1555.44030707093
1558.21295672164
1560.95451429864
1563.6649250978
1566.34413503646
1568.99209065452
1571.60873911556
1574.19402820782
1576.74790634528
1579.27032256869
1581.76122654658
1584.22056857626
1586.64829958483
1589.04437113012
1591.40873540171
1593.74134522185
1596.04215404639
1598.31111596575
1600.5481857058
1602.75331862878
1604.92647073419
1607.06759865965
1609.1766596818
1611.25361171713
1613.29841332279
1615.31102369751
1617.29140268229
1619.2395107613
1621.15530906263
1623.03875935907
1624.88982406885
1626.70846625645
1628.49464963325
1630.24833855836
1631.96949803921
1633.65809373237
1635.31409194414
1636.93745963127
1638.52816440161
1640.08617451476
1641.6114588827
1643.10398707038
1644.5637292964
1645.99065643354
1647.38474000934
1648.74595220673
1650.07426586452
1651.36965447797
1652.63209219932
1653.8615538383
1655.05801486262
1656.22145139851
1657.35184023111
1658.44915880503
1659.51338522473
1660.54449825497
1661.54247732127
1662.50730251028
1663.43895457018
1664.3374149111
1665.20266560545
1666.0346893883
1666.83346965772
1667.59899047511
1668.33123656551
1669.03019331793
1669.69584678561
1670.32818368632
1670.92719140261
1671.49285798208
1672.0251721376
1672.52412324755
1672.98970135602
1673.42189717301
1673.82070207464
1674.18610810327
1674.51810796773
1674.81669504338
1675.08186337232
1675.31360766347
1675.51192329267
1675.67680630281
1675.80825340386
1675.90626197296
1675.97083005449
1676.00195636008
1675.99964026863
1675.96388182638
1675.89468174682
1675.79204141075
1675.65596286624
1675.48644882853
1675.28350268007
1675.04712847036
1674.77733091596
1674.4741154003
1674.13748797366
1673.76745535298
1673.36402492178
1672.92720472997
1672.45700349373
1671.95343059529
1671.41649608279
1670.84621067004
1670.24258573634
1669.60563332621
1668.93536614919
1668.23179757959
1667.49494165618
1666.72481308193
1665.92142722376
1665.08480011215
1664.21494844089
1663.31188956672
1662.37564150897
1661.40622294925
1660.40365323101
1659.3679523592
1658.29914099985
1657.19724047969
1656.06227278568
1654.89426056458
1653.69322712255
1652.4591964246
1651.19219309418
1649.89224241267
1648.55937031886
1647.19360340844
1645.79496893348
1644.36349480187
1642.8992095768
1641.40214247612
1639.87232337183
1638.30978278943
1636.71455190736
1635.08666255633
1633.42614721871
1631.73303902789
1630.0073717676
1628.24917987124
1626.45849842119
1624.63536314813
1622.77981043031
1620.89187729283
1618.97160140687
1617.01902108902
1615.03417530041
1613.01710364601
1610.96784637382
1608.88644437404
1606.77293917829
1604.62737295878
1602.44978852741
1600.24022933502
1597.99873947041
1595.72536365956
1593.42014726465
1591.08313628323
1588.71437734725
1586.31391772216
1583.88180530595
1581.41808862819
1578.92281684908
1576.39603975847
1573.83780777485
1571.24817194433
1568.62718393967
1565.97489605921
1563.29136122583
1560.57663298593
1557.8307655083
1555.05381358308
1552.24583262067
1549.40687865061
1546.53700832046
1543.63627889468
1540.70474825347
1537.74247489165
1534.74951791745
1531.72593705137
1528.67179262494
1525.58714557957
1522.47205746531
1519.3265904396
1516.15080726607
1512.94477131327
1509.70854655339
1506.44219756101
1503.14578951178
1499.81938818117
1496.4630599431
1493.07687176864
1489.6608912247
1486.21518647265
1482.73982626694
1479.23487995378
1475.70041746974
1472.13650934032
1468.54322667859
1464.92064118373
1461.26882513964
1457.58785141347
1453.87779345417
1450.13872529102
1446.37072153217
1442.57385736314
1438.74820854533
1434.89385141448
1431.01086287918
1427.09932041931
1423.15930208453
1419.19088649267
1415.19415282821
1411.16918084066
1407.11605084301
1403.0348437101
1398.92564087699
1394.78852433739
1390.62357664197
1386.43088089673
1382.21052076138
1377.96258044758
1373.68714471738
1369.3842988814
1365.05412879725
1360.69672086771
1356.3121620391
1351.90053979947
1347.46194217689
1342.99645773769
1338.50417558469
1333.98518535543
1329.43957722037
1324.8674418811
1320.2688705685
1315.64395504098
1310.99278758259
1306.31546100121
1301.6120686267
1296.88270430901
1292.12746241633
1287.34643783322
1282.53972595868
1277.70742270428
1272.84962449222
1267.96642825342
1263.05793142558
1258.12423195127
1253.1654282759
1248.18161934583
1243.17290460637
1238.13938399976
1233.08115796325
1227.99832742703
1222.89099381224
1217.75925902896
1212.60322547414
1207.4229960296
1202.21867405995
1196.99036341055
1191.73816840538
1186.46219384505
1181.16254500463
1175.83932763159
1170.49264794367
1165.12261262677
1159.72932883284
1154.31290417769
1148.87344673891
1143.41106505365
1137.92586811651
1132.4179653773
1126.88746673893
1121.33448255517
1115.75912362845
1110.16150120768
1104.54172698597
1098.89991309849
1093.23617212014
1087.55061706336
1081.84336137588
1076.1145189384
1070.36420406239
1064.59253148776
1058.79961638058
1052.98557433079
1047.15052134989
1041.29457386862
1035.41784873467
1029.52046321028
1023.60253496997
1017.66418209814
1011.70552308676
1005.72667683296
999.7277626367
993.708900198356
987.670209616349
981.611811384743
975.533826390843
969.43637591278
963.319581617097
957.183565556312
951.028450166492
944.854358264804
938.661413047066
932.449738085289
926.219457325213
919.97069508383
913.703576046905
907.418225266491
901.114768158429
894.793330499849
888.454038426658
882.097018431025
875.722397358857
869.330302407265
862.920861122029
856.494201395054
850.050451461812
843.589739898793
837.112195620928
830.617947879027
824.107126257193
817.57986067024
811.036281361098
804.476518898218
797.900704172962
791.308968396996
784.701443099668
778.078260125384
771.439551630981
764.785450083084
758.116088255469
751.431599226408
744.732116376017
738.017773383596
731.288704224956
724.545043169752
717.786924778799
711.01448390139
704.227855672604
697.427175510609
690.612579113962
683.7842024589
676.942181796626
670.08665365059
663.217754813769
656.335622345932
649.440393570907
642.532206073845
635.611197698467
628.677506544319
621.731270964017
614.772629560482
607.801721184178
600.818684930339
593.823660136196
586.816786378195
579.798203469212
572.768051455763
565.726470615213
558.673601452971
551.60958469969
544.53456130846
537.448672451992
530.352059519804
523.244864115399
516.127228053439
508.999293356914
501.861202254311
494.713097176775
487.555120755267
480.387415817714
473.210125386167
466.023392673941
458.827361082758
451.62217419989
444.407975795287
437.184909818715
429.953120396878
422.712751830548
415.463948591679
408.20685532053
400.941616822775
393.668378066618
386.387284179894
379.098480447178
371.802112306887
364.498325348373
357.187265309021
349.869078071342
342.54390966006
335.211906239198
327.873214109165
320.527979703832
313.176349587614
305.818470452543
298.454489115342
291.084552514496
283.708807707319
276.32740186702
268.940482279766
261.548196341744
254.150691556219
246.748115530593
239.340615973455
231.928340691638
224.511437587269
217.090054654816
209.664339978136
202.23444172752
194.800508156738
187.362687600079
179.92112846939
172.475979251119
165.027388503347
157.575504852828
150.12047699202
142.66245367612
135.201583720096
127.738015995717
120.271899428581
112.803382995146
105.332615719756
97.8597466716671
90.384924962074
82.9082997411338
75.4300201949906
67.950235542798
60.4690950337422
52.9867479440638
45.5033435740789
38.0190312452005
30.5339602969585
23.04828008402
15.5621399732095
8.07568934052776
0.589077568171835
-6.89754595844598
-14.3840318536788
-21.8702307346261
-29.3559932241142
-36.8411699536771
-44.3256115665368
-51.8091687205838
-59.2916920913566
-66.7730323750215
-74.2530402913516
-81.731566586706
-89.2084620370073
-96.6835774507195
-104.156763671825
-111.6278715828
-119.096752107592
-126.563256214592
-134.027234919609
-141.488539288844
-148.94702044186
-156.402529554554
-163.854917862127
-171.304036662049
-178.749737317031
-186.191871257988
-193.630289987003
-201.064845080293
-208.495388191168
-215.92177105299
-223.343845482135
-230.761463380949
-238.1744767407
-245.582737644535
-252.986098270429
-260.384410894136
-267.777527892136
-275.165301744582
-282.547585038239
-289.924230469434
-297.295090846985
-304.660019095147
-312.018868256539
-319.371491495085
-326.717742098933
-334.057473483395
-341.39053919386
-348.716792908724
-356.036088442307
-363.348279747772
-370.653220920034
-377.950766198677
-385.240769970861
-392.523086774224
-399.797571299791
-407.064078394866
-414.322463065934
-421.572580481552
-428.81428597524
-436.047435048364
-443.271883373026
-450.487486794936
-457.694101336294
-464.891583198662
-472.079788765831
-479.25857460669
-486.427797478085
-493.587314327677
-500.7369822968
-507.876658723308
-515.006201144425
-522.125467299583
-529.234315133265
-536.332602797837
-543.42018865638
-550.496931285513
-557.562689478221
-564.617322246666
-571.660688825005
-578.692648672194
-585.713061474799
-592.721787149789
-599.718685847335
-606.7036179536
-613.676444093525
-620.637025133609
-627.585222184684
-634.520896604691
-641.443910001441
-648.354124235381
-655.251401422347
-662.135603936318
-669.006594412158
-675.864235748363
-682.708391109791
-689.538923930396
-696.355697915951
-703.158577046769
-709.947425580416
-716.72210805442
-723.482489288973
-730.228434389632
-736.959808750006
-743.676478054442
-750.378308280711
-757.065165702675
-763.73691689296
-770.393428725616
-777.034568378774
-783.660203337297
-790.270201395424
-796.864430659407
-803.442759550143
-810.005056805801
-816.55119148444
-823.08103296662
-829.594450958012
-836.091315491996
-842.571496932252
-849.034865975352
-855.481293653335
-861.910651336284
-868.322810734889
-874.717643903012
-881.095023240235
-887.454821494407
-893.796911764186
-900.12116750157
-906.427462514419
-912.715670968978
-918.985667392383
-925.237326675169
-931.470524073762
-937.685135212973
-943.881036088475
-950.058103069282
-956.21621290021
-962.355242704342
-968.475069985478
-974.575572630578
-980.656628912199
-986.718117490926
-992.759917417789
-998.781908136683
-1004.78396948676
-1010.76598170486
-1016.72782542784
-1022.66938169503
-1028.59053195053
-1034.49115804566
-1040.37114224124
-1046.23036720998
-1052.06871603881
-1057.88607223122
-1063.68231970959
-1069.45734281748
-1075.21102632196
-1080.9432554159
-1086.65391572027
-1092.34289328642
-1098.01007459834
-1103.65534657495
-1109.27859657231
-1114.87971238594
-1120.458582253
-1126.01509485453
-1131.54913931769
-1137.06060521796
-1142.54938258135
-1148.01536188658
-1153.45843406727
-1158.87849051415
-1164.27542307717
-1169.6491240677
-1174.99948626065
-1180.32640289664
-1185.62976768412
-1190.90947480147
-1196.16541889913
-1201.39749510172
-1206.60559901008
-1211.7896267034
-1216.94947474129
-1222.08504016582
-1227.19622050359
-1232.28291376777
-1237.34501846014
-1242.38243357312
-1247.39505859176
-1252.38279349578
-1257.34553876155
-1262.28319536404
-1267.19566477889
-1272.08284898427
-1276.9446504629
-1281.78097220398
-1286.59171770512
-1291.37679097427
-1296.13609653163
-1300.86953941159
-1305.57702516455
-1310.25845985888
-1314.91375008277
-1319.54280294605
-1324.14552608213
-1328.72182764976
-1333.27161633491
-1337.79480135259
-1342.29129244862
-1346.7609999015
-1351.20383452414
-1355.61970766565
-1360.00853121316
-1364.3702175935
-1368.704679775
-1373.01183126921
-1377.29158613265
-1381.54385896847
-1385.76856492821
-1389.96561971347
-1394.13493957757
-1398.27644132726
-1402.39004232438
-1406.47566048747
-1410.53321429342
-1414.56262277915
-1418.56380554313
-1422.53668274708
-1426.4811751175
-1430.39720394727
-1434.28469109723
-1438.14355899772
-1441.97373065016
-1445.77512962854
-1449.54768008099
-1453.29130673126
-1457.00593488026
-1460.69149040749
-1464.34789977259
-1467.97509001676
-1471.57298876421
-1475.14152422366
-1478.68062518971
-1482.19022104428
-1485.67024175806
-1489.12061789183
-1492.54128059792
-1495.93216162153
-1499.29319330214
-1502.62430857481
-1505.92544097156
-1509.19652462265
-1512.43749425796
-1515.64828520823
-1518.82883340639
-1521.97907538881
-1525.09894829659
-1528.1883898768
-1531.24733848374
-1534.27573308013
-1537.27351323839
-1540.24061914177
-1543.17699158562
-1546.08257197852
-1548.95730234346
-1551.80112531901
-1554.61398416045
-1557.39582274091
-1560.14658555249
-1562.86621770738
-1565.5546649389
-1568.21187360267
-1570.83779067761
-1573.43236376702
-1575.99554109963
-1578.52727153065
-1581.02750454274
-1583.49619024708
-1585.93327938431
-1588.33872332555
-1590.71247407335
-1593.05448426267
-1595.36470716179
-1597.64309667329
-1599.88960733492
-1602.10419432053
-1604.28681344099
-1606.43742114501
-1608.55597452008
-1610.64243129327
-1612.69674983211
-1614.71888914538
-1616.70880888398
-1618.6664693417
-1620.59183145602
-1622.4848568089
-1624.34550762751
-1626.17374678505
-1627.96953780142
-1629.73284484399
-1631.46363272831
-1633.1618669188
-1634.82751352945
-1636.4605393245
-1638.06091171906
-1639.62859877985
-1641.16356922573
-1642.66579242841
-1644.13523841302
-1645.5718778587
-1646.97568209923
-1648.34662312356
-1649.68467357636
-1650.98980675863
-1652.26199662814
-1653.50121780006
-1654.70744554735
-1655.88065580134
-1657.02082515219
-1658.12793084931
-1659.20195080189
-1660.24286357927
-1661.25064841143
-1662.22528518936
-1663.16675446546
-1664.07503745397
-1664.95011603131
-1665.79197273645
-1666.60059077124
-1667.37595400078
-1668.11804695374
-1668.82685482264
-1669.50236346414
-1670.14455939937
-1670.75342981417
-1671.32896255932
-1671.87114615085
-1672.37996977018
-1672.85542326443
-1673.29749714654
-1673.70618259553
-1674.08147145661
-1674.42335624139
-1674.73183012801
-1675.00688696129
-1675.24852125283
-1675.45672818115
-1675.63150359174
-1675.77284399719
-1675.88074657725
-1675.95520917886
-1675.99623031622
-1676.00380917081
-1675.9779455914
-1675.91864009407
-1675.82589386217
-1675.69970874634
-1675.54008726442
-1675.34703260147
-1675.12054860962
-1674.86063980807
-1674.56731138295
-1674.24056918723
-1673.88041974064
-1673.48687022947
-1673.05992850647
-1672.59960309072
-1672.10590316738
-1671.57883858759
-1671.01841986823
-1670.4246581917
-1669.79756540573
-1669.13715402313
-1668.44343722153
-1667.71642884313
-1666.95614339442
-1666.16259604589
-1665.33580263171
-1664.47577964947
-1663.58254425977
-1662.65611428595
-1661.69650821368
-1660.70374519063
-1659.67784502608
-1658.6188281905
-1657.52671581517
-1656.40152969174
-1655.24329227181
-1654.05202666648
-1652.82775664586
-1651.57050663864
-1650.28030173158
-1648.95716766901
-1647.60113085232
-1646.21221833942
-1644.79045784421
-1643.33587773606
-1641.84850703916
-1640.32837543203
-1638.77551324689
-1637.18995146904
-1635.57172173627
-1633.92085633819
-1632.23738821565
-1630.52135096001
-1628.77277881253
-1626.99170666364
-1625.17817005228
-1623.33220516516
-1621.45384883608
-1619.54313854513
-1617.60011241801
-1615.62480922523
-1613.61726838135
-1611.57752994418
-1609.50563461399
-1607.40162373272
-1605.26553928311
-1603.09742388789
-1600.89732080893
-1598.66527394638
-1596.40132783776
-1594.10552765712
-1591.77791921411
-1589.41854895308
-1587.02746395212
-1584.60471192216
-1582.15034120602
-1579.6644007774
-1577.14694023995
-1574.59800982627
-1572.01766039686
-1569.4059434392
-1566.76291106662
-1564.08861601733
-1561.38311165335
-1558.64645195942
-1555.87869154198
-1553.07988562799
-1550.25009006393
-1547.38936131462
-1544.49775646209
-1541.57533320451
-1538.62214985494
-1535.63826534024
-1532.62373919988
-1529.57863158472
-1526.50300325586
-1523.39691558338
-1520.26043054513
-1517.09361072553
-1513.89651931425
-1510.66922010503
-1507.41177749434
-1504.12425648012
-1500.8067226605
-1497.45924223248
-1494.08188199057
-1490.67470932554
-1487.23779222299
-1483.77119926205
-1480.27499961398
-1476.74926304081
-1473.19405989394
-1469.60946111274
-1465.99553822312
-1462.35236333613
-1458.68000914649
-1454.97854893115
-1451.24805654785
-1447.48860643361
-1443.70027360329
-1439.88313364804
-1436.03726273382
-1432.1627375999
-1428.25963555728
-1424.3280344872
-1420.36801283953
-1416.37964963126
-1412.36302444489
-1408.31821742685
-1404.24530928591
-1400.14438129153
-1396.01551527232
-1391.8587936143
-1387.67429925936
-1383.46211570353
-1379.22232699535
-1374.95501773418
-1370.66027306852
-1366.3381786943
-1361.98882085319
-1357.61228633086
-1353.20866245525
-1348.77803709484
-1344.32049865689
-1339.83613608565
-1335.32503886065
-1330.78729699485
-1326.22300103287
-1321.63224204918
-1317.0151116463
-1312.37170195293
-1307.70210562217
-1303.00641582962
-1298.28472627154
-1293.53713116299
-1288.76372523594
-1283.96460373736
-1279.13986242737
-1274.28959757729
-1269.41390596771
-1264.51288488661
-1259.58663212735
-1254.63524598679
-1249.65882526326
-1244.65746925465
-1239.63127775638
-1234.58035105944
-1229.50478994838
-1224.40469569929
-1219.28017007779
-1214.13131533699
-1208.95823421546
-1203.76102993519
-1198.53980619949
-1193.29466719095
-1188.02571756938
-1182.73306246967
-1177.41680749975
-1172.07705873843
-1166.71392273332
-1161.32750649869
-1155.91791751333
-1150.48526371842
-1145.02965351536
-1139.55119576363
-1134.04999977858
-1128.52617532928
-1122.97983263634
-1117.41108236966
-1111.82003564627
-1106.2068040281
-1100.57149951974
-1094.91423456623
-1089.23512205078
-1083.53427529256
-1077.8118080444
-1072.06783449056
-1066.3024692444
-1060.51582734615
-1054.70802426059
-1048.8791758747
-1043.02939849545
-1037.15880884738
-1031.26752407032
-1025.35566171705
-1019.42333975095
-1013.47067654364
-1007.49779087261
-1001.50480191889
-995.491829264628
-989.458992890712
-983.406413174399
-977.334210886892
-971.242507190937
-965.131423638405
-959.001082167867
-952.851605102159
-946.683115145944
-940.495735383259
-934.289589275066
-928.064800656782
-921.821493735811
-915.559793089066
-909.279823660481
-902.98171075852
-896.665580053676
-890.331557575964
-883.979769712405
-877.610343204505
-871.223405145724
-864.819082978945
-858.397504493925
-851.958797824749
-845.503091447274
-839.03051417656
-832.541195164306
-826.035263896269
-819.512850189683
-812.974084190665
-806.419096371622
-799.848017528646
-793.260978778903
-786.658111558019
-780.039547617454
-773.405419021878
-766.755858146531
-760.090997674585
-753.410970594494
-746.715910197342
-740.005950074184
-733.281224113377
-726.541866497913
-719.788011702738
-713.019794492071
-706.237349916712
-699.440813311351
-692.630320291866
-685.806006752615
-678.968008863727
-672.116463068385
-665.251506080102
-658.373274879992
-651.48190671404
-644.577539090362
-637.660309776459
-630.730356796473
-623.787818428427
-616.832833201469
-609.86553989311
-602.886077526451
-595.894585367409
-588.891202921941
-581.876069933259
-574.849326379042
-567.811112468641
-560.761568640283
-553.700835558271
-546.62905411017
-539.546365404004
-532.452910765437
-525.348831734952
-518.234270065026
-511.109367717306
-503.974266859772
-496.829109863902
-489.674039301831
-482.509197943507
-475.334728753838
-468.150774889847
-460.957479697808
-453.75498671039
-446.543439643791
-439.322982394874
-432.093759038288
-424.855913823602
-417.609591172422
-410.354935675508
-403.092092089893
-395.821205335993
-388.542420494712
-381.255882804552
-373.961737658712
-366.660130602188
-359.35120732887
-352.035113678629
-344.711995634417
-337.381999319344
-330.045270993769
-322.701957052379
-315.352204021268
-307.996158555013
-300.63396743375
-293.265777560241
-285.891735956948
-278.511989763092
-271.126686231727
-263.735972726793
-256.339996720179
-248.938905788781
-241.532847611556
-234.121969966576
-226.706420728081
-219.286347863522
-211.861899430618
-204.433223574393
-197.000468524224
-189.563782590886
-182.123314163587
-174.679211707008
-167.231623758347
-159.780698924345
-152.326585878331
-144.869433357247
-137.409390158686
-129.946605137918
-122.481227204926
-115.013405321428
-107.54328849791
-100.071025790648
-92.596766298739
-85.1206591611214
-77.6428535536015
-70.1634986858763
-62.6827437985563
-55.2007381601873
-47.7176310642724
-40.2335718262927
-32.7487097807281
-25.2631942780774
-17.7771746818784
-10.2908003657272
-2.80422071029806
4.68241489963757
12.1689570781917
19.6552564413408
27.1411636099061
34.6265292125348
42.1112038886802
49.5950382915822
57.0778830912473
64.559588977428
72.0400066626025
79.5189868849533
86.9963804113456
94.4720380403048
101.945810604994
109.417548976191
116.887104065261
124.354326827136
131.819068263286
139.281179424692
146.740511414819
154.196915392586
161.650242575338
169.100344241812
176.547071735107
183.990276465647
191.429809914152
198.865523634594
206.297269257163
213.72489849123
221.148263128299
228.567215044972
235.981606205898
243.391288666732
250.796114577085
258.195936183471
265.590605832263
272.979975972629
280.363899159487
287.742228056438
295.114815438711
302.481514196099
309.842177335896
317.196657985827
324.544809396981
331.886484946738
339.221538141697
346.549822620596
353.871192157233
361.185500663386
368.492602191726
375.79235093873
383.084601247589
390.369207611116
397.646024674649
404.914907238951
412.175710263108
419.42828886742
426.672498336298
433.908194121146
441.135231843247
448.353467296645
455.562756451022
462.76295545457
469.953920636864
477.135508511727
484.307575780095
491.469979332873
498.622576253796
505.765223822273
512.897779516243
520.020101015012
527.132046202098
534.233473168063
541.324240213348
548.404205851096
555.47322880998
562.531168037019
569.577882700392
576.613232192252
583.637076131525
590.649274366719
597.649686978714
604.638174283558
611.614596835252
618.578815428532
625.530691101651
632.470085139144
639.396859074606
646.310874693444
653.211994035644
660.100079398519
666.974993339457
673.836598678665
680.684758501907
687.519336163231
694.340195287701
701.147199774118
707.94021379773
714.719101812949
721.483728556052
728.23395904788
734.969658596535
741.69069280006
748.39692754913
755.08822902972
761.764463725781
768.425498421902
775.071200205964
781.701436471801
788.316074921838
794.914983569733
801.498030743014
808.065085085703
814.616015560935
821.150691453578
827.66898237284
834.170758254865
840.655889365337
847.124246302061
853.575699997552
860.010121721603
866.427383083859
872.827356036379
879.209912876187
885.574926247822
891.922269145882
898.251814917555
904.563437265145
910.857010248597
917.132408288007
923.389506166125
929.628179030859
935.848302397764
942.049752152524
948.23240455343
954.396136233852
960.540824204695
966.666345856857
972.772578963676
978.859401683363
984.926692561443
990.97433053317
997.002194925945
1003.01016546173
1008.99812225943
1014.96594583731
1020.91351711536
1026.84071741769
1032.74742847487
1038.6335324263
1044.4989118226
1050.34344962789
1056.16702922217
1061.96953440362
1067.75084939096
1073.51085882569
1079.24944777448
1084.96650173139
1090.66190662018
1096.3355487966
1101.98731505065
1107.61709260882
1113.22476913636
1118.81023273953
1124.3733719678
1129.9140758161
1135.43223372704
1140.92773559309
1146.4004717588
1151.85033302296
1157.27721064083
1162.68099632626
1168.06158225387
1173.41886106119
1178.75272585084
1184.06307019262
1189.34978812563
1194.61277416044
1199.85192328113
1205.06713094744
1210.2582930968
1215.42530614646
1220.56806699553
1225.68647302702
1230.78042210993
1235.84981260127
1240.89454334806
1245.91451368939
1250.90962345841
1255.87977298433
1260.82486309439
1265.74479511589
1270.63947087811
1275.50879271427
1280.35266346352
1285.17098647283
1289.96366559897
1294.73060521036
1299.47171018906
1304.18688593259
1308.87603835588
1313.53907389311
1318.17589949959
1322.7864226536
1327.37055135827
1331.92819414339
1336.45926006724
1340.96365871841
1345.44130021759
1349.89209521939
1354.31595491408
1358.71279102942
1363.08251583237
1367.42504213087
1371.74028327556
1376.02815316152
1380.28856622999
1384.52143747008
1388.72668242047
1392.90421717105
1397.05395836466
1401.17582319872
1405.26972942688
1409.33559536067
1413.37333987112
1417.3828823904
1421.3641429134
1425.31704199934
1429.24150077337
1433.13744092811
1437.00478472524
1440.84345499705
1444.65337514795
1448.43446915605
1452.18666157462
1455.90987753363
1459.60404274126
1463.26908348534
1466.90492663482
1470.51149964129
1474.08873054035
1477.63654795312
1481.1548810876
1484.6436597401
1488.10281429669
1491.53227573452
1494.93197562323
1498.30184612632
1501.64182000249
1504.95183060699
1508.23181189294
1511.48169841267
1514.70142531901
1517.89092836656
1521.05014391302
1524.17900892045
1527.27746095647
1530.3454381956
1533.38287942041
1536.3897240228
1539.36591200515
1542.31138398159
1545.22608117913
1548.10994543885
1550.96291921707
1553.78494558647
1556.57596823725
1559.33593147827
1562.06478023811
1564.76246006622
1567.42891713397
1570.06409823574
1572.66795078999
1575.2404228403
1577.7814630564
1580.29102073519
1582.76904580178
1585.21548881046
1587.63030094571
1590.01343402316
1592.36484049054
1594.68447342866
1596.97228655231
1599.22823421121
1601.45227139093
1603.64435371375
1605.80443743957
1607.93247946678
1610.02843733313
1612.09226921656
1614.12393393603
1616.12339095238
1618.09060036909
1620.0255229331
1621.9281200356
1623.79835371278
1625.63618664662
1627.44158216558
1629.21450424541
1630.95491750978
1632.66278723107
1634.33807933098
1635.9807603813
1637.5907976045
1639.16815887441
1640.71281271689
1642.22472831042
1643.70387548673
1645.15022473139
1646.56374718442
1647.94441464086
1649.29219955132
1650.60707502253
1651.88901481791
1653.13799335804
1654.35398572121
1655.5369676439
1656.68691552129
1657.80380640767
1658.88761801699
1659.93832872321
1660.95591756079
1661.9403642251
1662.89164907281
1663.80975312229
1664.69465805399
1665.54634621082
1666.36480059845
1667.15000488572
1667.90194340492
1668.62060115211
1669.30596378743
1669.95801763537
1670.57674968507
1671.16214759055
1671.71419967097
1672.23289491086
1672.71822296034
1673.17017413534
1673.58873941778
1673.97391045573
1674.32567956362
1674.64403972236
1674.9289845795
1675.18050844934
1675.39860631305
1675.58327381879
1675.73450728175
1675.85230368428
1675.9366606759
1675.98757657338
1676.00505036076
1675.98908168938
1675.93967087786
1675.85681891214
1675.74052744542
1675.59079879814
1675.40763595793
1675.19104257957
1674.94102298489
1674.6575821627
1674.34072576868
1673.99046012529
1673.60679222162
1673.18972971324
1672.73928092208
1672.25545483626
1671.73826110989
1671.18771006287
1670.60381268072
1669.98658061435
1669.33602617979
1668.65216235801
1667.93500279459
1667.18456179951
1666.40085434682
1665.58389607436
1664.73370328345
1663.85029293857
1662.93368266699
1661.98389075846
1661.00093616481
1659.9848384996
1658.93561803772
1657.85329571497
1656.73789312764
1655.58943253214
1654.40793684445
1653.19342963977
1651.94593515196
1650.66547827314
1649.35208455313
1648.00578019894
1646.6265920743
1645.21454769909
1643.76967524876
1642.29200355385
1640.78156209932
1639.23838102404
1637.66249112014
1636.0539238324
1634.41271125767
1632.73888614415
1631.03248189081
1629.29353254669
1627.52207281021
1625.71813802851
1623.88176419671
1622.01298795721
1620.11184659897
1618.17837805675
1616.21262091034
1614.21461438382
1612.18439834477
1610.12201330345
1608.02750041203
1605.90090146372
1603.742258892
1601.55161576971
1599.32901580824
1597.07450335661
1594.78812340064
1592.46992156201
1590.11994409736
1587.73823789737
1585.32485048584
1582.87983001871
1580.40322528312
1577.89508569644
1575.35546130526
1572.78440278444
1570.18196143602
1567.54818918828
1564.88313859464
1562.18686283267
1559.45941570297
1556.70085162813
1553.91122565163
1551.09059343678
1548.23901126554
1545.35653603745
1542.44322526849
1539.49913708991
1536.52433024709
1533.51886409835
1530.48279861379
1527.41619437406
1524.3191125692
1521.19161499736
1518.0337640636
1514.84562277867
1511.62725475768
1508.37872421891
1505.10009598248
1501.79143546907
1498.4528086986
1495.08428228896
1491.68592345462
1488.25780000532
1484.79998034473
1481.31253346905
1477.79552896566
1474.24903701172
1470.67312837278
1467.06787440135
1463.4333470355
1459.7696187974
1456.07676279189
1452.35485270502
1448.60396280256
1444.82416792856
1441.0155435038
1437.17816552435
1433.31211055999
1429.41745575271
1425.4942788152
1421.54265802925
1417.56267224421
1413.55440087543
1409.51792390264
1405.45332186838
1401.36067587642
1397.24006759006
1393.09157923059
1388.91529357558
1384.71129395729
1380.47966426095
1376.22048892313
1371.93385293002
1367.61984181575
1363.2785416607
1358.91003908976
1354.51442127061
1350.09177591197
1345.64219126187
1341.16575610587
1336.6625597653
1332.13269209546
1327.57624348387
1322.99330484842
1318.38396763557
1313.74832381853
1309.08646589543
1304.39848688747
1299.68448033704
1294.94454030591
1290.17876137329
1285.38723863398
1280.57006769646
1275.727344681
1270.85916621771
1265.96562944463
1261.04683200582
1256.10287204934
1251.13384822536
1246.13985968418
1241.1210060742
1236.07738754
1231.0091047203
1225.91625874596
1220.79895123798
1215.65728430543
1210.49136054347
1205.30128303126
1200.08715532991
1194.84908148042
1189.58716600163
1184.30151388806
1178.99223060791
1173.65942210089
1168.30319477611
1162.92365550999
1157.52091164411
1152.09507098306
1146.64624179229
1141.17453279596
1135.68005317478
1130.1629125638
1124.62322105025
1119.06108917133
1113.476627912
1107.86994870279
1102.24116341754
1096.59038437121
1090.91772431759
1085.22329644711
1079.50721438451
1073.76959218663
1068.01054434013
1062.23018575916
1056.42863178313
1050.60599817433
1044.76240111572
1038.89795720851
1033.01278346992
1027.10699733079
1021.18071663324
1015.23405962835
1009.26714497378
1003.2800917314
997.273019364921
991.246047737502
985.199297109375
979.132888135433
973.046941862823
966.941579728535
960.816923556976
954.67309555754
948.510218322168
942.328414822907
936.127808409448
929.908522806672
923.670682112178
917.414410793808
911.13983368716
904.847075993102
898.536263275271
892.207521457569
885.860976821647
879.49675600439
873.114985995386
866.715794134396
860.299308108808
853.865655951096
847.414966036257
840.947367079257
834.462988132459
827.961958583047
821.444408150448
814.910466883739
808.360265159055
801.793933676989
795.211603459979
788.613405849698
781.999472504431
775.36993539645
768.724926809379
762.064579335554
755.389025873378
748.698399624671
741.99283409201
735.272463076063
728.537420672926
721.78784127144
715.023859550514
708.245610476435
701.453229300177
694.646851554701
687.826613052252
680.992649881647
674.14509840556
667.284095257802
660.409777340596
653.522281821842
646.621746132381
639.708307963254
632.782105262955
625.843276234675
618.891959333549
611.928293263889
604.95241697642
597.964469665504
590.964590766366
583.952919952308
576.929597131926
569.894762446315
562.848556266275
555.791119189508
548.722592037815
541.643115854283
534.552831900474
527.451881653605
520.340406803722
513.218549250879
506.086451102301
498.944254669551
491.792102465689
484.63013720243
477.458501787298
470.277339320767
463.086793093414
455.887006583057
448.678123451889
441.460287543617
434.233642880586
426.99833366091
419.754504255592
412.502299205644
405.241863219202
397.973341168642
390.696878087684
383.412619168502
376.120709758826
368.82129535904
361.514521619281
354.200534336532
346.879479451712
339.551503046766
332.216751341748
324.875370691903
317.527507584749
310.173308637153
302.812920592405
295.44649031729
288.074164799158
280.696091142991
273.312416568466
265.923288407021
258.528854098911
251.129261190271
243.724657330166
236.315190267649
228.901007848812
221.482258013836
214.059088794039
206.63164830892
199.200084763207
191.764546443898
184.325181717303
176.882139026081
169.435566886282
161.98561388438
154.53242867431
147.076159974502
139.616956564913
132.154967284056
124.690341026037
117.223226737573
109.753773415033
102.282130101454
94.8084458835717
87.3328698888474
79.8555512824886
72.3766392644749
64.8962830665802
57.4146319493951
49.9318351993487
42.4480421257296
34.9634020577066
27.4780643413493
19.992178336648
12.5058934145332
5.01935895389545
-2.4672756613957
-9.95386104547208
-17.4402478134479
-24.9262865844006
-32.4118279843513
-39.8967226492455
-47.3808212279335
-54.8639743851505
-62.3460328044963
-69.8268471914146
-77.3062682761722
-84.7841468168375
-92.2603336022583
-99.734679455039
-107.207035234517
-114.677251839741
-122.14518021244
-129.610671340007
-137.073576258462
-144.533746055432
-151.99103187312
-159.445284911273
-166.896356430156
-174.344097753513
-181.788360271543
-189.228995443854
-196.665854802437
-204.098789954624
-211.527652586047
-218.952294463602
-226.372567438404
-233.788323448743
-241.199414523039
-248.605692782796
-256.007010445551
-263.403219827821
-270.794173348054
-278.179723529571
-285.559723003511
-292.934024511767
-300.302480909931
-307.664945170224
-315.021270384431
-322.371309766837
-329.714916657151
-337.051944523432
-344.382246965017
-351.705677715439
-359.022090645347
-366.33133976542
-373.633279229284
-380.927763336416
-388.214646535057
-395.493783425114
-402.765028761061
-410.028237454837
-417.283264578742
-424.529965368328
-431.768195225289
-438.997809720344
-446.21866459612
-453.430615770033
-460.633519337158
-467.827231573103
-475.011608936878
-482.186508073758
-489.351785818143
-496.507299196414
-503.65290542979
-510.788461937172
-517.913826337989
-525.028856455041
-532.133410317336
-539.22734616292
-546.310522441708
-553.382797818309
