0.5
5.97363726856906
12.6164814969602
19.2346337939028
25.7991865381756
32.3161232492993
38.7950580224455
45.2431115687022
51.6688237168692
58.0327006264627
64.32231618732
70.543793784112
76.7027047494523
82.8042154356722
88.8497680661487
94.8433400638761
100.788859573419
106.689338058682
112.547214861485
118.364557353464
124.144347858231
129.889391195875
135.601402230446
141.281750515447
146.932738329131
152.556575584154
158.154930912896
163.727692138616
169.276296145092
174.802251839601
180.305533739724
185.783049513547
191.235065023362
196.662662310626
202.065839871061
207.431855730818
212.758323088367
218.045858882106
223.295100501141
228.506861976466
233.681928808227
238.820756479583
243.923760997524
248.991632074327
254.025035979351
259.024616302127
263.990994860837
268.924772565487
273.826530238465
278.696829395016
283.536212985976
288.345206104933
293.124316661887
297.874036025273
302.594839634158
307.287187582258
311.95152517533
316.588283463403
321.197879749202
325.780718074046
330.337189682425
334.86767346637
339.372536390672
343.852133899961
348.306810308543
352.73689917391
357.142723654714
361.52459685401
365.882822148482
370.217693504345
374.529495780582
378.818505020116
383.084988729514
387.329206147747
391.551408504549
395.751839268839
399.93045231448
404.082991719336
408.206567034969
412.301259022016
416.367218056612
420.404659801928
424.413795272247
428.394830949661
432.347968897392
436.273406869842
440.171325204751
444.04176785606
447.884893722582
451.700884599412
455.48991851936
459.252169844243
462.987809353665
466.697004331376
470.379918649277
474.036712849161
477.667544222254
481.272566886634
484.851931862591
488.405787146003
491.934277779779
495.437545923438
498.915730920884
502.368969366432
505.797395169136
509.201139615473
512.580331430446
515.935096837131
519.265559614739
522.571841155224
525.854060518486
529.112334486211
532.34677761439
535.557502284553
538.744618753761
541.908235203385
545.048457786719
548.165390675453
551.259136105038
554.32979441898
557.377464112095
560.402241872749
563.404222624112
566.383499564464
569.340164206568
572.274306416142
575.186014449454
578.075374990062
580.942473184736
583.787392678559
586.610215649254
589.411022840749
592.189893595996
594.946905889069
597.682136356567
600.395660328324
603.087551857461
605.757883749789
608.406727592581
611.03415378273
613.640231554313
616.225029005572
618.788613125324
621.331049818824
623.852403933089
626.352739281699
628.832118669081
631.290603914306
633.72825587439
636.145134467131
638.541298693478
640.916806659454
643.271715597641
645.606081888237
647.91996107969
650.213407908935
652.486476321229
654.739219489595
656.971689833897
659.183939039534
661.376018075787
663.547977213805
665.699866044249
667.831733494606
669.943627846173
672.035596750716
674.107687246824
676.15994577596
678.192418198201
680.205149807703
682.198185347873
684.171569026261
686.125344529185
688.059555036094
689.974243233658
691.869451329621
693.745221066392
695.601593734402
697.43861018522
699.256310844439
701.054735724331
702.833924436286
704.593916203027
706.33474987062
708.056463920267
709.759096479905
711.442685335598
713.107267942738
714.752881437054
716.379562645434
717.987348096563
719.576274031385
721.146376413387
722.697690938709
724.230253046092
725.744097926651
727.2392605335
728.715775591205
730.17367760509
731.613000870389
733.033779481249
734.436047339585
735.819838163795
737.185185497333
738.532122717142
739.860683041958
741.170899540472
742.462805139376
743.736432631266
744.991814682433
746.228983840522
747.447972542077
748.648813119966
749.831537810689
750.996147172514
752.142333712579
753.27007902672
754.3794226102
755.470386720078
756.542979381746
757.597239191764
758.633206333775
759.650920941738
760.650423105883
761.631752878561
762.594950280011
763.540055304034
764.467107923572
765.376148096208
766.267215769573
767.140350886669
767.995593391112
768.832983232285
769.652560370418
770.45436478158
771.238436462602
772.00481543591
772.753541754293
773.484655505589
774.198196817297
774.894205861121
775.572722857436
776.233788079685
776.877441858707
777.503724586995
778.112676722886
778.704338794685
779.278751404721
779.835955233338
780.375991042821
780.898899681262
781.404722086361
781.893499289161
782.365272417728
782.820082700769
783.257971471189
783.678980169588
784.083150347706
784.470523671802
784.841141925984
785.195047015479
785.532280969845
785.852885946137
786.15690423201
786.444378248775
786.715350554394
786.969863846435
787.207960964964
787.42968489539
787.635078771261
787.824185877011
787.997049650648
788.153713686409
788.294221737351
788.418617717901
788.526945706362
788.619249947364
788.695574854273
788.755965011553
788.800465177084
788.829120284429
788.841975445061
788.839075950546
788.820467274678
788.786195075572
788.736305197714
788.670843673966
788.589856727531
788.493390773876
788.381492422605
788.254208479302
788.111585947323
787.953672029553
787.780514130116
787.592159856051
787.388657018942
787.170053636511
786.936397934173
786.687738346544
786.424123518916
786.145602308693
785.852223786784
785.544037238963
785.221092167181
784.883438290851
784.531125548089
784.164204096915
783.782724316422
783.386736807902
782.976292395939
782.551442129463
782.112237282765
781.658729356479
781.190970078524
780.70901140501
780.212905521111
779.702704841895
779.178462013125
778.640229912018
778.088061647973
777.522010563257
776.942130233663
776.348474469126
775.741097314306
775.120053049135
774.48539618933
773.837181486868
773.175463930428
772.500298745797
771.811741396243
771.109847582847
770.394673244808
769.666274559707
768.92470794374
768.170030051913
767.402297778206
766.621568255698
765.827898856659
765.021347192613
764.201971114356
763.369828711946
762.524978314659
761.66747849091
760.797388048133
759.914766032639
759.019671729426
758.112164661967
757.192304591955
756.260151519016
755.315765680389
754.359205751448
753.390502870346
752.409704343455
751.416870985318
750.412059252436
749.395123744375
748.365958650463
747.324622736835
746.271175069387
745.205675013568
744.128182234151
743.038756694955
741.937458658537
740.82434868585
739.699487635854
738.562936665101
737.414757227276
736.255011072706
735.083760247824
733.901067094603
732.706994249951
731.501604645062
730.284961504738
729.057128346665
727.818168980656
726.568147507855
725.307128319896
724.035176098034
722.752355812228
721.458732720188
720.154372366383
718.839340581011
717.513703478928
716.177527458534
714.830879200624
713.473825667197
712.106434100226
710.728772020384
709.340907225734
707.942907790375
706.534842063047
705.116778665701
703.688786492016
702.250934705887
700.803292739867
699.34593029356
697.878917331988
696.402324083897
694.916221040041
693.420678951406
691.915768827402
690.401561934011
688.878129791889
687.345544174431
685.803877105784
684.25320085883
682.693587953113
681.125111152732
679.547843464184
677.961858134172
676.367228647357
674.764028724082
673.152332318038
671.532213613896
669.903747024889
668.267007190355
666.622068973234
664.969007457517
663.30789794566
661.638815955946
659.961837219804
658.277037679089
656.584493483311
654.884280986825
653.176476745974
651.461157516188
649.738400249041
648.008282089258
646.270880371687
644.526272618221
642.774536534673
641.015750007612
639.249991101157
637.477338053719
635.697869274707
633.911663341185
632.118798994488
630.319355136795
628.513410827653
626.701045280467
624.882337858939
623.057368073466
621.226215577497
619.388960163845
617.545681760959
615.696460429148
613.841376356771
611.980509856377
610.113941360812
608.241751419272
606.364020693329
604.480829952905
602.592260072212
600.698392025647
598.799306883648
596.895085808514
594.985810050178
593.071560941949
591.152419896209
589.228468400075
587.299788011018
585.366460352452
583.428567109282
581.486190023407
579.539410889205
577.588311548959
575.632973888272
573.67347983142
571.709911336697
569.742350391707
567.770879008627
565.795579219442
563.816533071144
561.833822620895
559.847529931165
557.857737064837
555.864526080277
553.867979026383
551.868177937597
549.865204828892
547.859141690732
545.850070484003
543.838073134916
541.823231529891
539.805627510408
537.785342867837
535.762459338246
533.737058597181
531.709222254433
529.679031848771
527.646568842667
525.611914616993
523.575150465701
521.536357590488
519.495617095437
517.453009981651
515.408617141862
513.362519355031
511.314797280932
509.265531454725
507.214802281514
505.162690030897
503.109274831503
501.054636665525
498.998855363233
496.942010597499
494.884181878293
492.825448547195
490.765889771885
488.705584540644
486.64461165684
484.583049733426
482.520977187425
480.458472234424
478.395612883069
476.332476929559
474.269141952147
472.205685305649
470.14218411595
468.078715274527
466.015355432979
463.952180997558
461.889268123719
459.826692710682
457.764530396001
455.70285655015
453.641746271128
451.581274379071
449.521515410891
447.462543614926
445.404432945615
443.347257058193
441.291089303403
439.236002722234
437.182049972425
435.129232177833
433.077616756808
431.027276570905
428.978284153979
426.93071170687
424.884631092125
422.840113828736
420.79723108692
418.756053682928
416.716652073891
414.679096352694
412.643456242897
410.609801093681
408.578199874844
406.548713721671
404.52133233327
402.496112852739
400.473122158311
398.451556984295
396.429541130484
394.406252940584
392.381721513591
390.356048966413
388.329337560955
386.30168969299
384.273207880865
382.24399475405
380.214153041529
378.183785560027
376.152995202094
374.121884924021
372.09055773362
370.059116677845
368.027664830272
365.996305278431
363.965141111001
361.934275404866
359.903811212031
357.873851546415
355.844499370501
353.815857581875
351.78802899963
349.761116350658
347.735222255825
345.71044921603
343.686899598164
341.664675620958
339.643879340733
337.62461263706
335.606977198319
333.591074507179
331.577005825997
329.56487218213
327.554774353186
325.5468128522
323.541087912752
321.537699474024
319.536747165808
317.538330293466
315.542547822851
313.549498365187
311.559280161926
309.571991069577
307.587728544519
305.606589627798
303.628670929922
301.654068615654
299.682878388813
297.715195477081
295.75111461684
293.790730038021
291.834135448997
289.881424021503
287.932688375609
285.98802056474
284.047512060754
282.111253739086
280.179335863961
278.25184807369
276.328879366042
274.410518083717
272.496851899909
270.58796780398
268.683952087244
266.784890328867
264.890867381896
263.00196735942
261.118273620863
259.239868758434
257.36683458372
255.499252114442
253.637201561371
251.780762315429
249.930012934948
248.085031133134
246.245893765709
244.412676818756
242.585455396764
240.764303710887
238.949295067412
237.140501856459
235.337995540894
233.541843730424
231.752000827745
229.968449871624
228.191263587052
226.420513696989
224.656270911386
222.898604916491
221.147584364437
219.403276863129
217.665748966429
215.935066164646
214.211292875332
212.494492434395
210.78466239309
209.081779435732
207.385904393146
205.697099419123
204.015425550668
202.340942699819
200.673709645804
199.012875773124
197.354218182504
195.697491491991
194.042830593911
192.390370531159
190.740246458049
189.092593600524
187.447547215761
185.805242551177
184.165814802882
182.529344519352
180.895777539575
179.265235500554
177.637851274059
176.01356950507
174.391372916505
172.770940276733
171.152421941255
169.535968818564
167.921732323547
166.309864329694
164.700517120133
163.093843337515
161.48999593279
159.889128112885
158.291393287344
156.696945013933
155.105936943282
153.518287202539
151.933714867113
150.35237998972
148.774466553192
147.200157989712
145.629637097773
144.063085959362
142.50068585745
140.942617193882
139.389059407747
137.840190894306
136.296188924567
134.757229565569
133.223487601479
131.695136455552
130.172346613366
128.655016034018
127.143061983551
125.636663140193
124.135996874453
122.641239161872
121.152564496293
119.670145803731
118.194154356941
116.724759690775
115.262129518421
113.806429648624
112.357823903973
110.916474040352
109.482539667658
108.056178171856
106.637544638485
105.226623806763
103.823129972149
102.427240146553
101.039159403355
99.6590862870532
98.2872129206745
96.9237251128901
95.5687624065694
94.2221175701243
92.883929919956
91.554371897148
90.2336106134547
88.9218079218616
87.6191204848413
86.3256998402171
85.0416924645844
83.7672398342762
82.5024784838898
81.247540062421
80.0024908510498
78.7668239304953
77.5406009933033
76.3237915702022
75.1163795834849
73.9185207704481
72.7303657844726
71.5520601657749
70.3837443156012
69.2255534739346
68.0776177007719
66.9400618610229
65.8129954366019
64.6963504985299
63.5901417231079
62.4944784248239
61.4094676277392
60.3352112642411
59.2718061881553
58.2193284503773
57.1776944753012
56.1469604546186
55.1272084738676
54.1185157944365
53.1208844809773
52.1342895651984
51.158793123112
50.1943808063554
49.2381722168681
48.2837836366284
47.3307781636824
46.3786843069173
45.4276819766666
44.4781795493187
43.530581474769
42.5852878319742
41.6426939236677
40.7031899082269
39.7671604667003
38.8349055186217
37.905818816689
36.9800325781489
36.0579625382898
35.1400225223801
34.2266238512394
33.3181747452252
32.4150792094908
31.5168166062684
30.6219234253733
29.7309058195143
28.8444005713233
27.9630405952707
27.0874442119073
26.2179409883446
25.3539049613941
24.495844304207
23.6442884090261
22.7985254432089
21.9580578358453
21.1228442496086
20.2937543641239
19.4716605223454
18.656493096417
