3
9.45929644580044
16.1034215458286
22.6930040649356
29.2314447607715
35.7286305843113
42.1904610532587
48.6268784164967
55.0258798395681
61.3499706991966
67.6030662650956
73.7908846026228
79.9192603716482
85.9910466628359
92.0086960330215
97.9766804621603
103.898042352086
109.776072052534
115.61226064595
121.409506880065
127.170697525749
132.898390267682
138.593474700532
144.258113196021
149.894566940946
155.504936251693
161.089717477648
166.649594666208
172.186119407143
177.700543295929
183.190320729321
188.654340801166
194.093379351457
199.5086210559
204.893438682781
210.238560305935
215.544526055869
220.811832647676
226.041276787535
231.233657349374
236.389682646541
241.509596260119
246.594052348683
251.643728266128
256.659278239108
261.641334297993
266.590507161183
271.507387075538
276.392544615564
281.246531443754
286.069881034357
290.863109362671
295.626715561843
300.361182548993
305.066977622386
309.744553031271
314.394346519858
319.016781846868
323.612269281958
328.181206080264
332.723976936212
337.240954417696
341.732499381633
346.198961371863
350.640679000297
355.057980312157
359.45118313611
363.820595420047
368.166515553225
372.489232675428
376.789026973785
381.066169967842
385.320924783443
389.553546415961
393.76428198337
397.953341205285
402.119237018369
406.256538676434
410.364929485786
414.444493219096
418.495437980651
422.517976973966
426.512318815463
430.47866764938
434.417223259353
438.3281811768
442.211647274324
446.067710477238
449.89655295119
453.698354501081
457.47329121785
461.221535568438
464.94325648328
468.638619441422
472.307786553323
475.950916641429
479.568165318591
483.159685064393
486.725625299463
490.266132457816
493.781350057319
497.271418768313
500.736476480454
504.176658367846
507.592096952498
510.982922166166
514.349261410638
517.691239616486
521.008979300368
524.302600620881
527.572221433052
530.817957341473
534.039921752138
537.238225923022
540.412979013434
543.564288132169
546.692258384529
549.796992918197
552.878592968047
555.937157899878
558.972785253137
561.985570782636
564.975608499304
567.942990709998
570.8878080564
573.810149553023
576.710102624358
579.587753141176
582.443185456017
585.276482437882
588.087725506158
590.876994663784
593.644368529692
596.389924370536
599.113738131728
601.815884467801
604.496436772115
607.155467205929
609.793046726847
612.409245116661
615.004131008607
617.577771914044
620.130234248573
622.66158335762
625.171883541475
627.661198079829
630.12958925579
632.577118379428
635.003845810823
637.409830982657
639.795132422348
642.15980777374
644.503913818363
646.827506496263
649.13064092643
651.413371426821
653.675751533987
655.917834022323
658.139670922942
660.341313542182
662.522812479769
664.684217646615
666.825578282292
668.946942972169
671.048359664224
673.129875685546
675.191537758524
677.233392016735
679.255484020539
681.257858772388
683.240560731853
685.203633830371
687.147121485734
689.071066616306
690.975511654991
692.860498562941
694.726068843031
696.572263553084
698.399123318866
700.20668834685
701.994998436759
703.764092993883
705.514011041187
707.24479123121
708.956471857749
710.649090867352
712.322685870611
713.977294153257
715.612952687075
717.229698140624
718.827566889788
720.406595028135
721.96681837712
723.508272496098
725.030992692191
726.535014029974
728.020371341012
729.487099233236
730.93523210017
732.364804129997
733.775849314492
735.168401457797
736.542494185064
737.898160950954
739.235435048
740.55434961484
741.854937644313
743.13723199143
744.401265381222
745.647070416457
746.874679585241
748.0841252685
749.275439747339
750.448654924677
751.603599774866
752.740087221308
753.858154175815
754.957837261911
756.03913941
757.102089589785
758.146728010438
759.173094828599
760.181230154365
761.171174057194
762.14296657171
763.096647703421
764.032257434343
764.94983572854
765.849422537568
766.731057805844
767.594781475926
768.440633493705
769.268653813521
770.078882403201
770.871359249008
771.64612436052
772.403217775427
773.142679564259
773.864549835028
774.568868737811
775.255676469244
775.925013276958
776.57691946394
777.21143539282
777.828601490095
778.428458250286
779.011046240022
779.576406102065
780.124578559268
780.655604418466
781.169524574306
781.66638001302
782.146211816127
782.609061164078
783.054969339845
783.483977732448
783.896127840419
784.291461275219
784.670019764584
785.031845155828
785.376979419083
785.705464650484
786.017343075303
786.312657051026
786.591449070381
786.853761764307
787.099637904877
787.329120408166
787.542252337073
787.739076904085
787.919637473997
788.083977566584
788.232140859216
788.364171189436
788.480112557479
788.580009128754
788.663905236271
788.731845383024
788.783874244334
788.820036670134
788.840377687221
788.844942501457
788.833776499926
788.806925253047
788.764434516645
788.706350233981
788.632718537729
788.543585751922
788.438998393851
788.319003175918
788.183647007456
788.032976996499
787.867040451517
787.685884883108
787.489558005648
787.278107738903
787.051582209601
786.810029752961
786.553498914189
786.282038449926
785.995697329666
785.694524737128
785.378570071593
785.047882949204
784.702513204222
784.342510890249
783.967926281414
783.578809873518
783.175212385141
782.757184758717
782.324778161563
781.878043986885
781.41703385473
780.941799612915
780.452393337912
779.9488673357
779.431274142583
778.89966652596
778.354097485078
777.79462025173
777.221288290933
776.634155301556
776.033275216927
775.418702205391
774.79049067084
774.148695253211
773.493370828936
772.824572511372
772.142355651184
771.446775836701
770.73788889423
770.015750888343
769.280418122123
768.531947137374
767.770394714807
766.995817874176
766.20827387439
765.407820213588
764.59451462918
763.768415097849
762.929579835522
762.07806729731
761.213936177406
760.337245408954
759.448054163882
758.5464218527
757.632408124263
756.706072865505
755.767476201129
754.816678493273
753.8537267534
752.878652308251
751.891514117213
750.892373122784
749.881228783214
748.857852201248
747.822276844786
746.774561637667
745.714765803389
744.642948864889
743.55917064429
742.463491262606
741.355971139415
740.236670992494
739.105651837415
737.96297498711
736.808702051392
735.642894936439
734.465615844249
733.276927272046
732.076892011654
730.865573148838
729.643034062594
728.409338424413
727.1645501975
725.90873363596
724.641953283934
723.364273974712
722.075760829793
720.776479257915
719.46649495404
718.145873898303
716.814682354917
715.472986871046
714.12085427563
712.758351678172
711.385546467488
710.002506310412
708.609299150466
707.20599320648
705.792656971182
704.36935920974
702.936168958261
701.493155522259
700.040388475066
698.577937656217
697.105873169781
695.624265382658
694.133184922827
692.632702677561
691.122889791589
689.603817665221
688.075557952433
686.538182558904
684.991763640012
683.436373598789
681.872085083827
680.298970987149
678.717104442031
677.126558820783
675.527407732482
673.91972502067
672.303584760998
670.679061258837
669.046229046835
667.405162882436
665.755937745354
664.098628835004
662.433311567886
660.760061574924
659.07895469877
657.390066991051
655.69347470958
653.989254315522
652.277482470511
650.558236033731
648.831592058944
647.097627791482
645.356420665184
643.608048299302
641.852588495356
640.090119233941
638.320718671498
636.544465137036
634.761437128813
632.971713310971
631.17537251013
629.372493711932
627.563156057553
625.747438840162
623.925421501336
622.097183627445
620.262804945975
618.422365321827
616.57594475356
614.723623369596
612.865481424388
611.001599294537
609.132057474877
607.256936574508
605.376317312797
603.490280515336
601.598907109852
599.702278122091
597.800474671645
595.893577967757
593.981669305067
592.064830059341
590.143141683141
588.216685701468
586.285543707369
584.349797357493
582.40952836763
580.464818508192
578.515749599675
576.562403508073
574.604862140265
572.643207439365
570.67752138003
568.707885963747
566.734383214077
564.75709517187
562.776103890446
560.791491430744
558.803339856444
556.811731229053
554.816747602964
552.818471020483
550.816983506832
548.812367065119
546.804703671281
544.794075269006
542.78056376462
540.764251021955
538.745218857191
536.723549033672
534.699323256701
532.67262316831
530.643530342014
528.612126277534
526.57849239551
524.542710032192
522.504860434104
520.465024752705
518.423284039019
516.379719238261
514.334411184438
512.287440594941
510.238888065125
508.188834062871
506.137358923142
504.084542842525
502.030465873763
499.975207920285
497.918848730716
495.861467893393
493.803144830868
491.743958794404
489.683988858476
487.623313915264
485.562012669139
483.500163631161
481.437845113564
479.375135224252
477.312111861293
475.24885270742
473.185435224527
471.121936648186
469.058433982159
466.995003992918
464.931723204184
462.868667891465
460.80591407661
458.743537522376
456.681613727007
454.620217918826
452.559425050848
450.499309795404
448.439946538785
446.381409375906
444.32377210499
442.267108222272
440.211490916728
438.156990261353
436.103618978373
434.051415406035
432.000452559867
429.950803130232
427.902539476994
425.855733624221
423.810457254917
421.766781705783
419.724777962011
417.684516652111
415.646068042771
413.609502033761
411.574888152859
409.54229555083
407.511792996435
405.483401470327
403.457139471082
401.433075558505
399.411129085173
397.389422513601
395.366752546982
393.342790952789
391.317639775761
389.291401210858
387.264177592209
385.2360713819
383.207185158593
381.177621605995
379.147483501159
377.11687370264
375.085895138486
373.054650794086
371.023243699861
368.991776918816
366.960353533938
364.929076635459
362.898049307973
360.867374617422
358.837155597945
356.807495238596
354.778496469933
352.750262150491
350.722895053119
348.696497851216
346.671173104841
344.647023246722
342.624150568153
340.60265720479
338.582645122356
336.564216102244
334.547471727038
332.532513365942
330.51944216014
328.508359008074
326.499364550652
324.492559156394
322.488042906517
320.485915579968
318.486276638402
316.489225211122
314.494860079979
312.503279664239
310.514582005423
308.528864752126
306.546225144823
304.566760000665
302.590565698268
300.617738162511
298.64837284934
296.682564730592
294.720408278831
292.761997452227
290.807425679455
288.856785844647
286.910170272387
284.967670712759
283.029378326461
281.095383669986
279.165776680871
277.240646663038
275.320082272217
273.404171501462
271.493001666778
269.586659392844
267.685230598861
265.788800484522
263.897453516102
262.011273412692
260.130343132576
258.254744859749
256.384559990597
254.519869120742
252.660752032044
250.807287679791
248.959554180066
247.117628797297
245.28158793201
243.451507108779
241.627460964378
239.809523236151
237.997766750606
236.192263412216
234.39308419247
232.600262811876
230.813712238381
229.033491998177
227.259674291324
225.492330310042
223.731530227875
221.977343189151
220.229837298722
218.489079612007
216.755136125339
215.028071766614
213.307950386253
211.594823676125
209.888633067316
208.189420541007
206.497248778114
204.812179346761
203.134272693935
201.463588137481
199.800071303939
198.140539968329
196.482875647278
194.827213148935
193.173687450354
191.522433658652
189.87358697153
188.227282637148
186.583655913424
184.942842026734
183.304968418117
181.670009794639
180.038011317221
178.409109646733
176.783399433148
175.160353354935
173.539060597937
171.919610796794
170.302154604339
168.686843202051
167.073828252829
165.463261852572
163.855296480613
162.250084949013
160.647780350758
159.04853600688
157.452505412557
155.8598421822
154.270661492959
152.684613722497
151.101716029187
149.522152628914
147.946107226342
146.373762931792
144.805302178307
143.240906638985
141.680757144671
140.125033602086
138.573914912482
137.027578890894
135.486202186084
133.949960201241
132.419027015518
130.893575306482
129.373712685795
127.859182536508
126.350123067795
124.846712282123
123.349126828295
121.857541914455
120.372131221665
118.893066818129
117.42051907416
115.954656577994
114.495646052532
113.043652273102
111.598837986356
110.161363830369
108.731388256047
107.309067449937
105.894529645837
104.487500133075
103.087975137236
101.696162865489
100.31226494522
98.9364765313821
97.5689864138161
96.2099748125699
94.8593785041121
93.5171557978056
92.1834816873609
90.8585258029065
89.5424524825988
88.2354208419848
86.9375848410095
85.6490933485986
84.3700902047892
83.1007142804087
81.8410995343363
80.5913750684057
79.3512812083566
78.1205587222115
76.8993193936237
75.6874294492621
74.4850195421703
73.2922427403276
72.1092470119496
70.9361751980421
69.7731649884341
68.620348901356
67.4778542666161
66.345803212421
65.2242321532192
64.1130600581578
63.0123812734644
61.922304955452
60.8429354490821
59.7743720141915
58.7167088399161
57.6699339061231
56.6340199075426
55.6090497057484
54.5951028464851
53.5922419975433
52.6004057529806
51.6196392319144
50.6499804694326
49.6909336518342
48.7359137765322
47.7822460499966
46.8297517803787
45.8781766781594
44.927908430229
43.9793534086916
43.0329138202725
42.0889872827187
41.1479664393092
40.2102386094619
39.276185473485
38.3456481360808
37.4182418393721
36.49435498351
35.5744023764701
34.6587966038688
33.7479474331732
32.8422612186366
31.9419613325754
31.0454453246335
30.1525093545978
29.2637823091715
28.379902459694
27.5014951991965
26.6291357361624
25.7624793532404
24.9015076729823
24.0468328608882
23.1984484123943
22.3556075155563
21.5178006959959
20.6856946326048
19.860178908664
19.0418858288465
18.2302505672642
