4200
13242.7975912821
22543.651762591
31766.9585263966
40917.0077020431
50007.1781400252
59045.2731869264
68044.7576301233
76988.3916899052
85823.2989959795
94554.5728243029
103189.839208496
111736.895135812
120199.375903059
128580.365966364
136885.778986295
145119.535547671
153285.90719785
161386.65738989
169425.519769719
177406.213445081
185331.999879272
193203.816735895
201024.379754158
208796.543110821
216522.936877053
224203.958722193
231840.271485145
239433.747113531
246985.840633123
254492.733593762
261952.613090212
269366.292880773
276735.1559741
284049.757953701
291297.023816114
298477.504537882
305591.696613054
312640.516966407
319624.889638924
326545.617426839
333402.865761813
340197.372182584
346929.909978136
353601.224045873
360212.032072634
366763.025657019
373254.8713766
379688.211803249
386063.666469691
392381.832790086
398643.286937324
404848.584679491
410998.262177832
417092.836748355
423132.807589118
429118.656475057
435050.848422158
440929.832322597
446756.041552427
452529.894553249
458251.79538924
463922.134280827
469541.288116198
475109.620941797
480627.484432856
486095.218344977
491513.150947701
496881.599440951
502200.8703552
507471.259936133
512693.054514571
517866.530862338
522991.956534759
528069.59020039
533099.64208617
538080.054498375
543003.517074912
547869.588466526
552678.36757612
557430.122577238
562125.131148236
566763.667489694
571346.00244316
575872.403606389
580343.135445191
584758.346371663
589118.165608918
593422.848489413
597672.649623361
601867.821078412
606008.612470761
610095.271053652
614128.041803344
618107.16750263
622032.888821975
625905.444398359
629725.070911878
633492.003160187
637206.474130837
640868.715071577
644478.955558682
648037.423563352
651544.345516258
654999.946370276
658404.449661458
661758.077568302
665061.050969363
668313.589499252
671515.911603063
674668.234589285
677770.774681226
680823.747066999
683827.365948107
686781.844586663
689687.395351282
692544.229761683
695352.558532029
698112.591613048
700824.538232957
703488.606937223
706105.005627192
708673.94159762
711195.621573119
713670.251743557
716098.037798443
718479.184960303
720813.898017092
723102.381353651
725344.838982244
727541.474572184
729692.491478579
731798.092770225
733858.48125664
735873.859514298
737844.429912041
739770.394635721
741651.955712067
743489.315031811
745282.674372075
747032.235418049
748738.199783965
750400.76903339
752020.144698846
753596.528300784
755130.12136591
756621.125444884
758069.742129416
759476.173068751
760840.619985573
762163.284691329
763444.369101001
764684.075247311
765882.6052944
767040.16155097
768156.946482911
769233.16272542
770269.013094625
771264.700598713
772220.428448594
773136.400068083
774012.819103634
774849.889433614
775647.815177148
776406.800702515
777127.050635137
777808.769865139
778452.163554506
779057.437143839
779624.796358716
780154.447215675
780646.596027802
781101.449409972
781519.2142837
781900.097881655
782244.307751811
782552.051761258
782823.538099676
783058.975282472
783258.572153597
783422.537888039
783551.081994004
783644.414314786
783702.745030339
783726.284658546
783715.2440562
783669.834419694
783590.267285435
783476.754529979
783329.508369888
783148.741361333
782934.666399424
782687.496717288
782407.445884892
782094.72780762
781749.556724605
781372.147206818
780962.714154933
780521.472796948
780048.638685584
779544.427695467
779009.056020086
778442.740168533
777845.696962039
777218.143530302
776560.297307606
775872.376028748
775154.597724767
774407.180718472
773630.343619799
772824.305320965
771989.284991451
771125.502072805
770233.175980114
769312.318960315
768362.930276595
767385.240206714
766379.478984979
765345.843031094
764284.555732754
763195.852093647
762079.967216883
760937.13629705
759767.594612152
758571.577515429
757349.320427085
756101.058825893
754827.02824071
753527.464241884
752202.60243257
750852.67843994
749477.927906312
748078.586480182
746654.88980717
745207.073520877
743735.373233666
742240.024527356
740721.262943841
739179.323975629
737614.443056314
736026.855550971
734416.796746481
732784.501841797
731130.205938136
729454.144029114
727756.55099082
726037.661571831
724297.710383171
722536.931888217
720755.560392554
718953.830033782
717131.974771267
715290.22837586
713428.824419564
711547.99626516
709647.977055797
707728.999704545
705791.29688391
703835.101015318
701860.644258567
699868.158501251
697857.875348158
695830.026110635
693784.841795944
691722.553096578
689643.390379578
687547.583675815
685435.362669264
683306.956686268
681162.594684777
679002.505243595
676826.9165516
674636.05639697
672430.152156401
670209.430784318
667974.118802092
665724.442287248
663460.626862686
661182.8976859
658891.479438199
656586.596313944
654268.472009789
651937.329713934
649593.392095389
647236.881293255
644868.018906018
642487.025980863
640094.123003004
637689.529885039
635273.465956322
632846.149952365
630407.80000426
627958.63362813
625498.867714612
623028.718518364
620548.401647608
618058.132053707
615558.124020772
613048.591155311
610529.746375912
608001.801902969
605464.969248441
602919.459205663
600365.481839195
597803.246474718
595232.961688975
592654.83529976
590069.074355962
587475.885127649
584875.473096214
582268.042944572
579653.798547407
577032.942961482
574405.678416005
571772.20630305
569132.727168042
566487.440700305
563836.545723665
561180.240187129
558518.721155623
555852.184800789
553180.826391869
550504.84028664
547824.419922429
545139.757807196
542451.045510692
539758.473655693
537062.231909301
534362.50897433
531659.492580769
528953.369477314
526244.325422994
523532.545178869
520818.21249981
518101.510126366
515382.619776713
512661.722138688
509938.996861914
507214.622550002
504488.776752853
501761.635959046
499033.375588308
496304.16998409
493574.192406223
490843.615023675
488112.608907398
485381.344023275
482649.989225156
479918.712248001
477187.679701109
474457.048520765
471726.964755343
468997.590768546
466269.088880486
463541.582138527
460815.053015353
458089.647089847
455365.524456436
452642.84409709
449921.763874173
447202.440523399
444485.029646894
441769.685706351
439056.562016299
436345.810737469
433637.582870271
430932.028248376
428229.295532401
425529.532203713
422832.88455833
420139.497700941
417449.515539033
414763.080777133
412080.334911157
409401.418222879
406726.469774513
404055.627403404
401389.027716844
398726.806087
396069.096645956
393416.032280881
390767.744629311
388124.364074548
385486.019741189
382852.839490761
380224.949917495
377602.476344206
374985.542818306
372374.272107939
369768.785698234
367169.203787691
364575.645284688
361988.227804111
359407.067664114
356832.279883008
354263.978176268
351702.274953679
349147.281316601
346599.107055369
344057.860646816
341523.649251931
338996.578713645
336476.753554743
333964.276975912
331459.250853919
328961.775739914
326471.950857877
323989.87410318
321515.642041295
319049.349906631
316591.091601493
314140.95969519
311699.045423265
309265.438686858
306840.228052209
304423.500750286
302015.342676551
299615.838390861
297225.071117495
294843.122745323
292470.073828106
290106.003584921
287750.989900735
285405.1093271
283068.437082985
280741.047055743
278423.01180221
276114.402549935
273815.289198548
271525.740321253
269245.823166464
266975.60365956
264715.146404786
262464.514687277
260223.770475213
257992.974422114
255772.185869252
253561.462848211
251360.862083561
249170.438995672
246990.247703651
244820.341028416
242660.770495891
240511.586340332
238372.837507781
236244.571659645
234126.835176408
232019.673161458
229923.12944505
227837.246588387
225762.065887831
223697.627379228
221643.969842369
219601.13080556
217569.146550324
215548.052116217
213537.881305766
211538.666689528
209550.439611262
207573.230193228
205607.06734159
203651.978751948
201707.990914973
199775.129122165
197853.417471718
195942.878874501
194043.535060149
192155.406583261
190278.512829712
188412.872023072
186558.501231126
184715.416372507
182883.632223433
181063.162424541
179254.019487834
177456.214803719
175669.758648149
173894.660189869
172130.92749775
170378.567548227
168637.586232829
166907.988365802
165189.777691826
163482.956893824
161787.52760086
160103.49039612
158430.844824993
156769.589403222
155119.721625152
153481.237972052
151854.133920527
150238.403950997
148634.04155627
147041.039250178
145459.388576297
143889.080116738
142330.103501008
140782.447414947
139246.099609726
137721.046910923
136207.275227654
134704.769561776
133213.514017149
131733.491808958
130264.685273099
128807.075875618
127360.644222204
125925.370067746
124501.232325928
123088.209078891
121686.277586927
120295.414298235
118915.594858712
117546.794121795
116188.986158339
114842.144266539
113506.240981891
112181.248087185
110867.136622537
109563.876895453
108271.438490921
106989.79028154
105718.900437667
104458.736437595
103209.265077757
101970.452482945
100742.264116557
99524.6647908545
98317.618677245
97121.089316572
95935.0396294213
94759.4319264378
93594.2279186511
92439.3881363513
91294.8606544013
90160.5988501095
89036.562986301
87922.7127632667
86819.0073291223
85725.4052901679
84641.8647212456
83568.3431760941
82504.7976976982
81451.1848286304
80407.4606213844
79373.5806486977
78349.5000138611
77335.1733610149
76330.5548854275
75335.5895607674
74350.2219297329
73374.4056570475
72408.0670144831
71450.811247082
70502.3776316354
69562.6683798905
68631.6630613214
67709.340432703
66795.6784464279
65890.6542589454
64994.2442393211
64106.4239779146
63227.1682951747
62356.4512505496
61494.246151511
60640.5255626893
59795.2613151194
58958.4245155932
58129.985556119
57309.9141234845
56498.1792089209
55694.7491178674
54899.5914798323
54112.6732583495
53333.9607610281
52563.419649692
51801.0149506074
51046.7110647964
50300.4717784331
49562.2602733206
48832.0391374454
48109.7703756078
47395.415420124
46688.9351415984
45990.2898597631
45299.4393543809
44616.3428762107
43940.95915803
43273.2464257138
42613.1624093658
41960.6643544984
41315.7090332597
40678.2527557037
40048.2513811004
39425.6603292827
38810.4345920275
38202.5287444669
37601.8969565271
37008.4930043911
36422.2702819815
35843.181812462
35271.1802597517
34706.2179400504
34148.2468333718
33597.2185950793
33053.0845674235
32515.7957910763
31985.3030166583
31461.5567162564
30944.507094929
30434.1041021932
29930.2974434927
29433.0365916415
28942.2707982415
28457.949105068
27980.0203554229
27508.4332054491
27043.1361354056
26584.0774608968
26131.2053440555
25684.4678046743
25243.8127312829
24809.1878921679
24380.5409463313
23957.8194543855
23540.9708893801
23129.9426475586
22724.6820590411
22325.1363984302
21931.2528953364
21542.9787448209
21160.2611177523
20783.0471710733
20411.2840579765
20044.9189379842
19683.8989869316
19328.1714068482
18977.6804800517
18632.3610846916
18292.1605400653
17957.02732046
17626.9099378162
17301.7569515639
16981.516978344
16666.1387016113
16355.5708811179
16049.7623622728
15748.662085377
15452.2190947294
15160.3817542902
14873.0909034882
14590.2950700894
14311.9444816389
14037.9894918532
13768.3805891888
13503.0684052736
13241.9962635104
12984.9040971042
12731.6130564535
12482.095471382
12236.3233119195
11994.2681974909
11755.9014062433
11521.1938845049
11290.1162563725
11062.6388334238
10838.7311685437
10618.3536727436
10401.4710898821
10188.053373498
9978.0678415182
9771.4471403456
9568.10491564282
9368.01205557214
9171.1425161511
8977.46991853887
8786.967558068
8599.60841344351
8415.36515610544
8234.21015975034
8056.11551000707
7881.0530142621
7708.99421162897
7539.91038305659
7373.77072133194
7210.52247374437
7050.13112392627
6892.56992323387
6737.81177728092
6585.82925974433
6436.59462634488
6290.07982898835
6146.25653005223
6005.09611680289
5866.56971592796
5730.6482081684
5597.30224303469
5466.50225359155
5338.21847129526
5212.42094086807
5089.07703757023
4968.14013995346
4849.57961648397
4733.36630393394
4619.47088654562
4507.86391027538
4398.51579703865
4291.39685894115
4186.47731248213
4083.72729271527
3983.11686735297
3884.61605080001
3788.19481810262
3693.82311879913
3601.47089065878
3511.10807329511
3422.70379379241
3336.21454178819
3251.60626737346
3168.85186769611
3087.9240397946
3008.79531235495
2931.43807627274
2855.82454541471
2781.91992823898
2709.69061880183
2639.10965800318
2570.15005737799
2502.78482211657
2436.98697310957
2372.72956803634
2309.98572151713
2248.72862434994
2188.93156185405
2130.56793134252
2073.61125874618
2018.02548722246
1963.77544822769
1910.83593016821
1859.17600088663
1808.77173180186
1759.59996790397
1711.63765155909
1664.86183666826
1619.24970229615
1574.7785657687
1531.42589523898
1489.16932172134
1447.98486896872
1407.84639848058
1368.73209131636
1330.62076351776
1293.49143436249
1257.32332953116
1222.09589007454
1187.78670457953
1154.37349987164
1121.83666159334
1090.15684257011
1059.31469928358
1029.28882673564
1000.06034707028
971.610607305724
943.911190296997
916.820514005954
890.275922384537
864.262968744746
838.766055032185
813.781400455906
789.30527056754
765.333577228799
741.86189653795
718.885487454671
696.399310982684
674.398049779278
652.867049397794
631.788123635222
611.156353994703
590.967107252272
571.215566581086
551.896744239665
533.005494389648
514.53364481322
496.443975921804
478.722509423864
461.368565091345
444.381395041631
427.759863460934
411.501908539272
395.591281809117
380.017077582272
364.778106855823
349.863783015263
335.252667558205
320.92734809797
306.88819010164
293.138743896277
279.678644583896
266.490063116592
