102.730442835101
31.5802567187261
25.6828828230816
24.0931911091546
23.5867877974639
23.4121615826564
23.3513349606708
23.3302808939263
23.323218709573
23.321090216092
23.3207028171384
23.3209300293061
23.3213742269244
23.3218950369774
23.3224429014514
23.3230003238306
23.3235611269119
23.3241231298086
23.3246855625495
23.3252481532927
23.3258108060636
23.3263734869778
23.3269361840726
23.3274988931246
23.3280616126427
23.3286243421007
23.3291870813129
23.3297498302139
23.3303125887808
23.3308753570055
23.3314381348854
23.3320009224195
23.3325637196079
23.3331265264504
23.3336893429474
23.3342521690988
23.334815004905
23.3353778503662
23.3359407054824
23.336503570254
23.3370664446811
23.3376293287639
23.3381922225026
23.3387551258974
23.3393180389484
23.339880961656
23.3404438940202
23.3410068360413
23.3415697877195
23.3421327490549
23.3426957200478
23.3432587006983
23.3438216910067
23.3443846909731
23.3449477005977
23.3455107198808
23.3460737488224
23.3466367874229
23.3471998356824
23.3477628936011
23.3483259611792
23.3488890384169
23.3494521253143
23.3500152218718
23.3505783280894
23.3511414439674
23.3517045695059
23.3522677047052
23.3528308495654
23.3533940040868
23.3539571682695
23.3545203421138
23.3550835256197
23.3556467187876
23.3562099216176
23.3567731341099
23.3573363562647
23.3578995880822
23.3584628295627
23.3590260807061
23.3595893415129
23.3601526119831
23.3607158921171
23.3612791819148
23.3618424813766
23.3624057905027
23.3629691092932
23.3635324377484
23.3640957758684
23.3646591236534
23.3652224811037
23.3657858482193
23.3663492250006
23.3669126114477
23.3674760075607
23.36803941334
23.3686028287857
23.3691662538979
23.3697296886769
23.3702931331229
23.3708565872361
23.3714200510166
23.3719835244647
23.3725470075804
23.3731105003642
23.3736740028161
23.3742375149363
23.3748010367251
23.3753645681826
23.3759281093089
23.3764916601044
23.3770552205692
23.3776187907035
23.3781823705075
23.3787459599814
23.3793095591253
23.3798731679396
23.3804367864243
23.3810004145796
23.3815640524058
23.3821276999031
23.3826913570716
23.3832550239116
23.3838187004232
23.3843823866066
23.384946082462
23.3855097879897
23.3860735031898
23.3866372280625
23.387200962608
23.3877647068265
23.3883284607181
23.3888922242832
23.3894559975218
23.3900197804343
23.3905835730207
23.3911473752812
23.3917111872161
23.3922750088256
23.3928388401098
23.3934026810689
23.3939665317032
23.3945303920128
23.3950942619979
23.3956581416588
23.3962220309956
23.3967859300085
23.3973498386976
23.3979137570633
23.3984776851057
23.3990416228249
23.3996055702213
23.4001695272949
23.4007334940459
23.4012974704747
23.4018614565813
23.4024254523659
23.4029894578288
23.4035534729702
23.4041174977901
23.4046815322889
23.4052455764668
23.4058096303238
23.4063736938603
23.4069377670764
23.4075018499722
23.4080659425481
23.4086300448042
23.4091941567406
23.4097582783577
23.4103224096555
23.4108865506343
23.4114507012942
23.4120148616355
23.4125790316584
23.413143211363
23.4137074007496
23.4142715998183
23.4148358085693
23.4154000270028
23.4159642551191
23.4165284929183
23.4170927404006
23.4176569975662
23.4182212644153
23.4187855409481
23.4193498271648
23.4199141230656
23.4204784286506
23.4210427439201
23.4216070688743
23.4221714035134
23.4227357478375
23.4233001018469
23.4238644655417
23.4244288389221
23.4249932219884
23.4255576147407
23.4261220171793
23.4266864293042
23.4272508511158
23.4278152826142
23.4283797237996
23.4289441746721
23.4295086352321
23.4300731054797
23.430637585415
23.4312020750383
23.4317665743498
23.4323310833497
23.4328956020381
23.4334601304153
23.4340246684814
23.4345892162367
23.4351537736813
23.4357183408154
23.4362829176393
23.4368475041531
23.437412100357
23.4379767062512
23.4385413218359
23.4391059471114
23.4396705820777
23.4402352267351
23.4407998810839
23.441364545124
23.4419292188559
23.4424939022796
23.4430585953954
23.4436232982035
23.444188010704
23.4447527328972
23.4453174647832
23.4458822063622
23.4464469576345
23.4470117186002
23.4475764892595
23.4481412696127
23.4487060596599
23.4492708594012
23.449835668837
23.4504004879674
23.4509653167925
23.4515301553127
23.452095003528
23.4526598614387
23.453224729045
23.453789606347
23.454354493345
23.4549193900392
23.4554842964297
23.4560492125167
23.4566141383005
23.4571790737813
23.4577440189591
23.4583089738343
23.458873938407
23.4594389126774
23.4600038966457
23.4605688903122
23.4611338936769
23.4616989067401
23.462263929502
23.4628289619628
23.4633940041226
23.4639590559818
23.4645241175404
23.4650891887986
23.4656542697567
23.4662193604149
23.4667844607733
23.4673495708322
23.4679146905917
23.468479820052
23.4690449592134
23.4696101080759
23.4701752666399
23.4707404349055
23.4713056128729
23.4718708005424
23.4724359979139
23.4730012049879
23.4735664217645
23.4741316482439
23.4746968844262
23.4752621303117
23.4758273859006
23.476392651193
23.4769579261892
23.4775232108893
23.4780885052936
23.4786538094022
23.4792191232153
23.4797844467332
23.480349779956
23.4809151228839
23.4814804755172
23.4820458378559
23.4826112099004
23.4831765916507
23.4837419831071
23.4843073842699
23.4848727951391
23.485438215715
23.4860036459977
23.4865690859875
23.4871345356847
23.4876999950892
23.4882654642014
23.4888309430215
23.4893964315496
23.4899619297859
23.4905274377307
23.4910929553841
23.4916584827463
23.4922240198175
23.492789566598
23.4933551230878
23.4939206892873
23.4944862651966
23.4950518508158
23.4956174461453
23.4961830511851
23.4967486659355
23.4973142903967
23.4978799245688
23.4984455684521
23.4990112220468
23.499576885353
23.500142558371
23.5007082411009
23.501273933543
23.5018396356974
23.5024053475643
23.5029710691439
23.5035368004365
23.5041025414422
23.5046682921612
23.5052340525936
23.5057998227398
23.5063656025999
23.5069313921741
23.5074971914625
23.5080630004655
23.5086288191831
23.5091946476156
23.5097604857631
23.5103263336259
23.5108921912042
23.5114580584981
23.5120239355078
23.5125898222336
23.5131557186757
23.5137216248341
23.5142875407092
23.5148534663011
23.51541940161
23.5159853466361
23.5165513013797
23.5171172658408
23.5176832400198
23.5182492239167
23.5188152175318
23.5193812208653
23.5199472339174
23.5205132566882
23.521079289178
23.521645331387
23.5222113833153
23.5227774449632
23.5233435163308
23.5239095974184
23.5244756882261
23.5250417887542
23.5256078990027
23.526174018972
23.5267401486622
23.5273062880736
23.5278724372062
23.5284385960604
23.5290047646362
23.5295709429339
23.5301371309538
23.5307033286959
23.5312695361605
23.5318357533477
23.5324019802579
23.5329682168911
23.5335344632475
23.5341007193275
23.5346669851311
23.5352332606585
23.53579954591
23.5363658408856
23.5369321455858
23.5374984600105
23.5380647841601
23.5386311180347
23.5391974616346
23.5397638149598
23.5403301780106
23.5408965507872
23.5414629332899
23.5420293255187
23.5425957274739
23.5431621391556
23.5437285605642
23.5442949916997
23.5448614325624
23.5454278831525
23.5459943434701
23.5465608135154
23.5471272932888
23.5476937827902
23.54826028202
23.5488267909783
23.5493933096654
23.5499598380814
23.5505263762265
23.5510929241009
23.5516594817048
23.5522260490384
23.5527926261019
23.5533592128955
23.5539258094195
23.5544924156739
23.5550590316589
23.5556256573749
23.5561922928219
23.5567589380002
23.55732559291
23.5578922575514
23.5584589319247
23.55902561603
23.5595923098676
23.5601590134375
23.5607257267402
23.5612924497756
23.5618591825442
23.5624259250459
23.562992677281
23.5635594392497
23.5641262109523
23.5646929923889
23.5652597835596
23.5658265844648
23.5663933951045
23.566960215479
23.5675270455885
23.5680938854332
23.5686607350132
23.5692275943288
23.5697944633802
23.5703613421676
23.570928230691
23.5714951289509
23.5720620369472
23.5726289546803
23.5731958821504
23.5737628193576
23.574329766302
23.5748967229841
23.5754636894038
23.5760306655615
23.5765976514572
23.5771646470912
23.5777316524638
23.5782986675751
23.5788656924252
23.5794327270144
23.5799997713429
23.5805668254109
23.5811338892185
23.581700962766
23.5822680460536
23.5828351390814
23.5834022418497
23.5839693543586
23.5845364766083
23.5851036085991
23.5856707503312
23.5862379018046
23.5868050630197
23.5873722339767
23.5879394146756
23.5885066051167
23.5890738053003
23.5896410152264
23.5902082348954
23.5907754643073
23.5913427034624
23.591909952361
23.592477211003
23.5930444793889
23.5936117575187
23.5941790453927
23.5947463430111
23.595313650374
23.5958809674817
23.5964482943343
23.5970156309321
23.5975829772752
23.5981503333639
23.5987176991983
23.5992850747785
23.599852460105
23.6004198551777
23.600987259997
23.6015546745629
23.6021220988758
23.6026895329358
23.6032569767431
23.6038244302978
23.6043918936003
23.6049593666506
23.605526849449
23.6060943419957
23.6066618442908
23.6072293563346
23.6077968781273
23.608364409669
23.60893195096
23.6094995020004
23.6100670627905
23.6106346333304
23.6112022136203
23.6117698036605
23.6123374034511
23.6129050129923
23.6134726322844
23.6140402613274
23.6146079001217
23.6151755486673
23.6157432069646
23.6163108750136
23.6168785528147
23.6174462403679
23.6180139376735
23.6185816447317
23.6191493615427
23.6197170881066
23.6202848244237
23.6208525704941
23.6214203263181
23.6219880918959
23.6225558672276
23.6231236523135
23.6236914471537
23.6242592517484
23.6248270660978
23.6253948902022
23.6259627240617
23.6265305676765
23.6270984210468
23.6276662841729
23.6282341570548
23.6288020396929
23.6293699320872
23.629937834238
23.6305057461455
23.6310736678099
23.6316415992314
23.6322095404102
23.6327774913464
23.6333454520403
23.633913422492
23.6344814027018
23.6350493926699
23.6356173923964
23.6361854018815
23.6367534211255
23.6373214501285
23.6378894888908
23.6384575374125
23.6390255956938
23.6395936637349
23.640161741536
23.6407298290974
23.6412979264191
23.6418660335015
23.6424341503447
23.6430022769488
23.6435704133141
23.6441385594409
23.6447067153292
23.6452748809793
23.6458430563913
23.6464112415655
23.6469794365021
23.6475476412012
23.6481158556632
23.648684079888
23.649252313876
23.6498205576274
23.6503888111422
23.6509570744209
23.6515253474634
23.6520936302701
23.6526619228411
23.6532302251766
23.6537985372768
23.6543668591419
23.6549351907722
23.6555035321677
23.6560718833288
23.6566402442555
23.6572086149481
23.6577769954069
23.6583453856318
23.6589137856233
23.6594821953814
23.6600506149065
23.6606190441985
23.6611874832579
23.6617559320847
23.6623243906791
23.6628928590414
23.6634613371717
23.6640298250703
23.6645983227373
23.6651668301729
23.6657353473774
23.6663038743509
23.6668724110936
23.6674409576057
23.6680095138875
23.668578079939
23.6691466557605
23.6697152413523
23.6702838367144
23.6708524418471
23.6714210567506
23.6719896814252
23.6725583158708
23.6731269600879
23.6736956140765
23.6742642778369
23.6748329513692
23.6754016346737
23.6759703277506
23.6765390306
23.6771077432221
23.6776764656172
23.6782451977855
23.678813939727
23.6793826914422
23.679951452931
23.6805202241937
23.6810890052306
23.6816577960418
23.6822265966274
23.6827954069878
23.6833642271231
23.6839330570335
23.6845018967192
23.6850707461804
23.6856396054172
23.68620847443
23.6867773532188
23.6873462417839
23.6879151401254
23.6884840482437
23.6890529661388
23.6896218938109
23.6901908312603
23.6907597784871
23.6913287354916
23.691897702274
23.6924666788344
23.693035665173
23.69360466129
23.6941736671857
23.6947426828602
23.6953117083137
23.6958807435464
23.6964497885585
23.6970188433503
23.6975879079218
23.6981569822733
23.698726066405
23.6992951603172
23.6998642640099
23.7004333774834
23.7010025007378
23.7015716337735
23.7021407765905
23.7027099291891
23.7032790915694
23.7038482637317
23.7044174456762
23.704986637403
23.7055558389123
23.7061250502044
23.7066942712795
23.7072635021376
23.7078327427791
23.7084019932042
23.7089712534129
23.7095405234056
23.7101098031824
23.7106790927435
23.7112483920891
23.7118177012195
23.7123870201347
23.712956348835
23.7135256873206
23.7140950355917
23.7146643936485
23.7152337614912
23.7158031391199
23.7163725265349
23.7169419237364
23.7175113307246
23.7180807474996
23.7186501740617
23.719219610411
23.7197890565478
23.7203585124722
23.7209279781845
23.7214974536848
23.7220669389733
23.7226364340503
23.7232059389159
23.7237754535703
23.7243449780138
23.7249145122464
23.7254840562685
23.7260536100802
23.7266231736817
23.7271927470732
23.7277623302549
23.728331923227
23.7289015259897
23.7294711385431
23.7300407608876
23.7306103930232
23.7311800349502
23.7317496866687
23.7323193481791
23.7328890194814
23.7334587005758
23.7340283914626
23.734598092142
23.7351678026141
23.7357375228792
23.7363072529374
23.7368769927889
23.737446742434
23.7380165018728
23.7385862711055
23.7391560501323
23.7397258389535
23.7402956375692
23.7408654459796
23.7414352641849
23.7420050921853
23.742574929981
23.7431447775722
23.7437146349591
23.7442845021418
23.7448543791207
23.7454242658959
23.7459941624675
23.7465640688358
23.747133985001
23.7477039109632
23.7482738467227
23.7488437922796
23.7494137476342
23.7499837127867
23.7505536877372
23.751123672486
23.7516936670332
23.752263671379
23.7528336855237
23.7534037094674
23.7539737432103
23.7545437867526
23.7551138400946
23.7556839032364
23.7562539761782
23.7568240589202
23.7573941514626
23.7579642538056
23.7585343659494
23.7591044878942
23.7596746196401
23.7602447611875
23.7608149125365
23.7613850736872
23.7619552446399
23.7625254253948
23.763095615952
23.7636658163118
23.7642360264744
23.7648062464399
23.7653764762086
23.7659467157806
23.7665169651562
