151.131328505303
151.149792722968
158.674071457635
166.850096051258
174.179317428209
179.475312642771
183.408155444304
185.073501080773
195.754644913303
207.813908762661
218.710727584873
228.57861675944
237.415088222389
246.094189266069
253.953879417862
261.065251464819
267.617092634417
273.709951418171
279.393830285863
284.509098616927
289.088261378841
293.340779489898
297.322304643678
300.856963358754
303.964909764736
306.726328008307
309.547394378906
312.055093670735
314.266239970781
316.433782197267
319.25246955296
321.96974777363
324.455822174107
326.709577464242
331.859210455762
337.138175372323
342.296559691299
347.322392226762
352.18603410996
356.892754178044
361.507043366804
366.030827421526
370.415550170177
374.665588194498
378.785142736547
382.778248550762
386.648782221867
390.400469985972
394.036895089294
397.561504716165
400.977616515562
404.288424753121
407.497006113547
410.606325176438
413.619239586836
416.538504940219
419.366779400208
422.106628065941
424.760527104831
427.33086766532
429.819959583182
432.230034894016
434.563251163646
436.821694647387
439.007383288348
441.122269564276
443.168243191808
445.147133696398
447.060712855651
448.910697023288
450.698749340495
452.426481840979
454.095457455648
455.707191922463
457.263155606649
458.798158551245
461.192922828374
464.06843396795
466.919939758789
469.733190018597
472.498120956197
475.215654401808
477.886690739454
480.512109527681
483.092770098617
485.62951213625
488.156236465044
490.642298442043
493.086851649456
495.490655449064
497.854452408537
500.17896876159
502.464914852878
504.712985568214
506.923860750673
509.098205603118
511.236671077661
513.339894252541
515.408498696911
517.443094823959
519.444280232805
521.412640039597
523.348747198178
525.253162810732
527.126436428744
528.969106344644
530.781699874468
532.564733631835
534.318713793577
536.044136357304
537.741487391177
539.411243276188
541.053870941176
542.669828090863
544.259563427121
545.823516863731
547.362119734824
548.875794997252
550.364957427072
551.830013810348
553.271363128462
554.689396738115
556.084498546205
557.457045179726
558.807406150883
560.135944017559
561.44301453929
562.728966828897
563.994143499911
565.238880809937
566.463508800063
567.668351430474
568.853726712357
570.019946836239
571.167318296864
572.296142014704
573.406713454229
574.499322739026
575.574254763859
576.631789303782
577.67220112037
578.695760065184
579.702731180529
580.693374797606
581.667946632119
582.626697877431
583.56987529533
584.497721304481
585.410474066627
586.308367570618
587.191631714313
588.060492384437
588.915171534437
589.755887260405
590.582853875115
591.396281980241
592.196378536793
592.983346933832
593.757387055511
594.518695346489
595.267464875759
596.003885398943
596.728143419096
597.440422246044
598.140902054329
598.829759939765
599.507169974662
600.17330326176
600.828327986891
601.472409470409
602.105710217438
602.728389966942
603.340605739672
603.94251188501
604.534260126736
605.115999607759
605.687876933827
606.250036216243
606.802619113635
607.345764872765
607.879610368443
608.404290142546
608.919936442164
609.42667925691
609.924646355408
610.41396332097
610.894753586505
611.367138468657
611.83123720121
612.28716696776
612.735042933695
613.174978277475
613.607084221256
614.031470060849
614.44824319505
614.857509154348
615.259371629027
615.653932496675
616.041291849121
616.421548018811
616.794797604629
617.161135497195
617.520654903628
617.873447371811
618.219602814153
618.559209530871
618.892354232791
619.219122063701
619.539596622236
619.853859983338
620.161992719279
620.46407392027
620.76018121465
621.050711076571
621.412417157772
621.770003971437
622.120604494583
622.467468052619
622.81369378191
623.152982639322
623.485403365659
623.811023434914
624.129909070793
624.442125262957
624.747735782967
625.046803199961
625.339388896047
625.625553081444
625.905354809348
626.178851990558
626.446101407846
626.707158730084
626.96207852614
627.210914278536
627.453718396885
627.690542231104
627.921436084413
628.146449226122
628.365629904211
628.579025357711
628.786681828889
628.988644575235
629.184957881271
629.375665070164
629.560808515174
629.740429650915
629.914568984452
630.083266106228
630.246559700832
630.4044875576
630.557086581067
630.70439280127
630.846441383891
630.983266640266
631.114902037247
631.241380206932
631.362732956252
631.478991276432
631.590185352323
631.696344571606
631.797497533881
631.893672059626
631.984895199049
632.071193240822
632.152591720705
632.229115430064
632.30078842428
632.367634031061
632.429674858649
632.486932803929
632.53942906045
632.587184126349
632.630217812181
632.668549248669
632.702196894363
632.73117854322
632.7555113321
632.775211748185
632.790295636319
632.800778206279
632.806674039967
632.807997098538
632.804760729453
632.796977673473
632.784660071585
632.76781947186
632.746466836266
632.720612547401
632.690266415188
632.655437683506
632.616135036763
632.572366606432
632.524139977518
632.471462194991
632.414339770172
632.352778687058
632.286784408625
632.216361883072
632.141515550035
632.062249346753
631.978566714205
631.890470603207
631.797963480469
631.701047334629
631.599723682246
631.493993573768
631.383857599466
631.269315895345
631.15036814902
631.027013605578
630.899251073406
630.767078929996
630.630495127739
630.489497199681
630.344082265276
630.194247036107
630.0399878216
629.881300534711
629.718180697611
629.550623447343
629.378623541473
629.202175363732
629.021272929632
628.835909892095
628.646079547047
628.451774839022
628.252988366752
628.049712388746
627.841938828872
627.629659281927
627.412865019203
627.191546994056
626.965695847462
626.735301913582
626.500355225317
626.260845519868
626.016762244295
625.768094561073
625.514831353658
625.256961232045
624.994472538339
624.727353352323
624.455591497029
624.179174544323
623.89808982048
623.612324411785
623.321865170118
623.026698718563
622.726811457019
622.422189567813
622.119218481017
621.813518908708
621.503122620408
621.188013832064
620.910203932351
620.656550795849
620.39879797159
620.136920082193
619.870891492518
619.600686315373
619.326278417281
619.047641424258
618.764748727644
618.477573489963
618.186088650824
617.890266932853
617.590080847675
617.285502701923
616.976504603294
616.663058466644
616.345136020119
616.022708811333
615.695748213583
615.364225432107
615.028111510386
614.687377336482
614.341993649428
613.991931045653
613.637159985456
613.277650799519
612.913373695466
612.544298764467
612.170395987882
611.791635243955
611.407986314549
611.01941889192
610.625902585552
610.227406929014
609.82390138688
609.415355361688
609.001738200933
608.583019204123
608.159167629864
607.730152702995
607.295943621765
606.856509565059
606.411819699658
605.961843187549
605.506549193276
605.045906891332
604.579885473594
604.108454156801
603.631582190071
603.149238862457
602.661393510549
602.16801552611
601.669074363754
601.164539548657
600.654380684317
600.138567460337
599.617069660256
599.089857169408
598.556899982819
598.018168213136
597.473632098592
596.923262010999
596.367028463775
595.804902120002
595.236853800508
594.662854491981
594.082875355113
593.49688773276
592.904863158139
592.306773363035
591.702590286045
591.092286080827
590.475833124383
589.85320402535
589.224371632314
588.589309042134
587.947989608285
587.300386949209
586.646474956682
585.986227804182
585.319619955274
584.646626171996
583.967221523248
583.281381393186
582.589081489615
581.890297852387
581.185006861782
580.473185246902
579.754810094046
579.029858855077
578.298309355789
577.560139804246
576.815328799117
576.063855337995
575.305698825688
574.540839082498
573.769256352471
572.99093131163
572.205845076166
571.413979210615
570.615315735994
569.809837137902
568.997526374588
568.178366884981
567.352342596674
566.519437933866
565.679637825258
564.832927711901
563.979293554993
563.118721843618
562.251199602434
561.376714399301
560.495254352845
559.606808139961
558.711365003247
557.808914758371
556.899447801366
555.98295511585
555.059428280169
554.128859474459
553.191241487631
552.246567724262
551.294832211409
550.336029605323
549.370155198079
548.3972049241
547.417175366595
546.430063763882
545.435868015622
544.434586688934
543.426219024413
542.41076494202
541.388225046877
540.358600634928
539.321893698496
538.278106931701
537.227243735768
536.169308224198
535.104305227817
534.032240299682
532.953119719864
531.866950500082
530.773740388206
529.673497872614
528.566232186401
527.451953311448
526.330671982332
525.202399690094
524.067148685842
522.924931984211
521.775763366645
520.619657384541
519.456629362207
518.286695399676
517.109872375332
515.926177948386
514.735630561162
513.538249441227
512.334054603336
511.123066851197
509.905307779068
508.680799773164
507.449566012888
506.21163047187
504.967017918831
503.715753918256
502.457864830874
501.193377813953
499.922320821406
498.6447226037
497.360612707574
496.070021475563
494.772980045324
493.469520348771
492.159675111007
490.843477849058
489.520962870412
488.192165271359
486.857120935125
485.519010226731
484.189755254104
482.854184056944
481.512334194763
480.164244035345
478.809952752081
477.449500321079
476.082927518073
474.710275915113
473.331587877049
471.946906557795
470.556275896391
469.159740612842
467.757346203758
466.349138937775
464.935165850766
463.53341974443
462.126154975572
460.713052240769
459.451576788967
458.565293462696
457.843003486747
457.109518496409
456.36478849479
455.608765117952
454.841401667673
454.062653144032
453.272476277775
452.470829562465
451.657673286376
450.832969564116
449.996682367954
449.148777558832
448.289222917036
447.4179881725
446.535045034734
445.640367222325
444.733930492023
443.815712667356
442.885693666773
441.943855531277
440.99018245153
440.024660794412
439.047279128991
438.058028251908
437.056901212126
436.043893335033
435.019002245884
433.98222789253
432.933572567446
431.873040929002
430.800640021982
429.716379297306
428.620270630945
427.512328342003
426.392569209946
425.261012490947
424.117679933346
422.962595792174
421.795786842755
420.617282393335
419.42711429674
418.225316961031
417.01192735914
415.786985037478
414.550532123488
413.302613332118
412.043275971226
410.772569945869
409.490547761482
408.197264525925
406.892777950385
405.577148349125
404.250438638059
402.912714332149
401.564043541616
400.204496966944
398.834147892683
397.453072180032
396.061348258197
394.659057114532
393.246282283432
391.823109834001
390.38962835647
388.945928947385
387.492105193538
386.028253154671
384.554471344923
383.07086071305
381.577524621402
380.074568823672
378.562101441416
377.040232939355
375.509076099466
373.968745993864
372.419359956497
370.861037553652
369.293900553292
367.718072893238
366.133680648196
364.540851995671
362.939717180748
361.330408479793
359.713060163069
358.111478327321
356.51658030161
354.913159182243
353.301360599493
351.681332220088
350.053223700709
348.417186640431
346.773374532145
345.121942712963
343.463048313678
341.796850207261
340.12350895648
338.455599154514
336.796827433209
335.130839733872
333.457801521895
331.77787990149
330.091243558304
328.39806270123
326.82474800457
326.160665404659
325.477113949452
324.774017543924
324.05130674818
323.308918910125
322.54679829413
321.764896205467
320.963171110279
320.141588750861
319.30877121284
318.495825065148
317.662668643076
316.809277370609
315.961609436161
315.340333414144
314.764516725058
314.166165741335
313.545132444539
312.901276840392
312.234467192474
311.544580251839
310.831501482111
310.095125279655
309.335355188368
308.552104108693
307.745294500407
306.914858578781
306.10391806785
305.355940943233
304.578597585085
303.771917660894
302.935945834864
302.070741764398
301.176380080625
300.25295035314
299.300557039136
298.319319417148
297.309371505642
296.270861966717
295.203953995203
294.108825193445
292.985667432113
291.83468669736
290.710315450001
289.602743800845
288.466037977678
287.300377706501
286.105958703253
284.882992604742
283.631706882478
282.352344739274
281.04516498853
279.710441916114
278.348465124787
276.959539361151
275.543984325121
274.102134461954
272.634338736907
271.140960392619
269.65108773819
268.226881477913
266.766478641416
265.271039216356
263.741704029198
262.179594694585
260.585813670113
258.964034412706
257.396049459314
255.797765194571
254.170116115917
252.514023826325
250.830397443668
249.120134034758
247.384119066037
245.623226863636
243.838321076233
242.030255134856
240.199872704422
238.34800812243
236.619896695203
234.866616698472
233.123736272547
231.383896274372
229.61709193701
227.824200208874
226.006104205271
224.163692589974
222.297858943354
220.409501118608
218.499520587749
216.568821779133
214.65753478075
212.742064413009
210.807475599051
208.854334681897
206.883527929176
204.89594003565
202.892453673141
200.912785549534
198.919762338032
196.912521726999
194.891904880279
192.872262196349
190.858433206719
188.832927249088
186.812639793182
185.30475551999
185.095355193532
184.881877932198
184.789213865659
184.64799782426
184.433650625813
184.146801892012
183.788163678304
183.358523281993
182.858736418875
182.289720765248
181.65244984722
181.167539865049
180.638801820581
180.034898078412
179.356071063209
178.602673417677
177.775168443328
176.874129680703
176.066407524611
175.562559392252
174.944099052542
174.208372567394
173.356443750015
172.390873673751
171.353631496785
170.467099581016
169.467363266337
168.35533819521
167.420004679178
166.554350474801
165.699826876534
164.67950951052
163.495493401238
162.338933537478
161.18359970092
