115959.738217059
115959.738217059
115959.738217059
55179.1217344651
45439.1997084934
38910.3108490311
34192.5906030184
30389.3117557512
28635.6429323082
27433.8476543798
26360.2111355857
25389.4919727317
24491.4334497653
23730.328178335
23016.723318966
22344.5568858082
21719.3813649158
21139.2175853452
20599.3947095722
20081.3352181599
19582.7495944521
19113.4486496372
18672.5100757458
18245.0992015066
17829.957319091
17429.5013555816
17064.0539774065
16709.9311424685
16366.386220504
16044.8014138308
15777.5590452441
15524.0387002174
15276.7427881857
15034.7884910641
14909.3381908809
14796.7758655708
14688.1130065519
14582.4313305055
14478.1549969092
14375.2498336788
14276.0337621136
14180.2545088991
14085.7447151042
13992.4750126522
13900.4170949607
13809.5436671137
13719.8283988963
13631.2458804988
13543.7715807098
13457.3818074325
13372.0536703709
13287.7650457453
13204.4945429061
13122.2214727248
13040.9258176501
12960.5882033256
12881.1898716722
12802.7126553465
12725.1389534905
12648.4517086972
12572.6343851185
12497.6709476492
12423.5458421238
12350.2439764688
12277.7507027549
12206.0518000996
12135.133458371
12064.9822626498
11995.5851784071
11926.9295373595
11859.0030239639
11791.7936625202
11725.2898048461
11659.4801184972
11594.3535755031
11530.7391681763
11487.3943413206
11454.6520768098
11422.8583104522
11391.6268591743
11360.6830634593
11330.0237866421
11299.6459535834
11269.5465491253
11239.7226165936
11210.1712563463
11181.6492516557
11153.4238150815
11125.4548880199
11097.7398946815
11070.2763072186
11043.0616445824
11016.0934714128
10989.3693969605
10962.8870740397
10936.6441980112
10910.6385057937
10884.8677749037
10859.3298225218
10834.0225045857
10808.9437149078
10784.091384318
10759.4634798292
10735.0580038269
10710.8729932794
10686.9065189712
10663.1566847553
10639.6216268273
10616.2995130179
10593.1885421042
10570.2869431402
10547.592974804
10525.1049247627
10502.8211090537
10480.7398714821
10458.859583034
10437.1786413046
10415.6954699409
10394.4085180992
10373.3162599161
10352.4171939923
10331.7098428908
10311.192752646
10290.8644922867
10270.7236533697
10250.768849526
10230.9987160168
10211.4119093022
10192.0071066187
10172.7830055683
10153.7383237167
10134.8717982018
10116.182185351
10097.6682603079
10079.3288166684
10061.1626661245
10043.168638117
10025.3455794965
10007.6923541921
9990.20784288763
9972.89094270572
9955.74056689911
9938.75564454883
9921.9351202695
9905.27795392121
9888.78312032803
9872.44960900276
9856.27642387795
9840.26258304292
9824.40711848659
9808.70907584607
9793.16751416075
9777.78150563181
9762.55013538702
9747.47250125058
9732.54771351805
9717.77489473605
9703.15317948671
9688.68171417681
9674.35965683126
9660.18617689105
9646.16045501552
9632.28168288859
9618.54906302919
9604.96180860562
9591.5191432537
9578.22030089865
9565.0645255807
9552.05107128419
9539.17920177016
9526.4481904123
9513.85732003624
9501.40588276203
9489.09317984973
9476.91852154807
9464.88122694615
9452.98062382793
9441.21604852965
9429.58684580002
9418.09236866298
9406.73197828326
9395.50504383441
9384.41094236932
9373.44905869327
9362.61878523926
9351.91952194574
9341.35067613657
9330.91166240323
9320.60190248914
9310.42082517614
9300.36786617299
9290.44246800592
9280.64407991106
9270.97215772893
9261.42616380061
9252.00556686588
9242.7098419631
9233.53847033076
9224.49093931086
9215.56674225377
9206.76537842492
9198.08635291284
9189.52917653892
9181.09336576855
9172.77844262388
9164.58393459778
9156.50937456945
9148.55430072122
9140.71825645677
9133.00079032062
9125.4014559189
9117.91981184136
9110.5554215846
9103.31255102806
9097.31529859194
9091.45920521279
9085.7008455204
9080.08624714308
9074.65938301936
9069.32701903222
9064.08883047053
9058.94449537092
9053.8936944712
9048.93611116444
9044.07143145363
9039.29934390694
9034.6195396135
9030.03171213985
9025.5355574868
9021.13077404692
9016.8170625625
9012.59412608412
9008.46166992957
9004.41940164338
9000.46703095681
8996.60426974825
8992.83083200416
8989.14643378041
8985.55079316405
8982.04363023561
8978.62466703162
8975.2936275078
8972.05023750244
8968.89422470031
8965.82531859686
8962.84325046287
8959.94775330947
8957.13856185342
8954.41541248295
8951.77804322369
8949.22619370516
8946.75960512751
8944.37802022852
8942.08118325106
8939.86883991072
8937.74073736386
8935.69662417593
8933.73625029003
8931.85936699581
8930.06572689865
8928.35508388912
8926.72719311271
8925.18181093975
8923.71869493576
8922.33760383187
8921.03829749562
8919.82053690196
8918.68408410447
8917.62870220687
8916.6541553347
8915.76020860726
8914.94662810983
8914.21318086599
8913.55963481022
8912.98575876074
8912.49132239252
8912.07609621049
8911.73985152296
8911.48236041524
8911.30339572348
8911.20273100862
8911.18014053062
8911.2353992228
8911.36828266644
8911.57856706547
8911.8660292214
8912.23044650839
8912.67159684851
8913.18925868714
8913.7832109686
8914.45323311183
8915.19910498636
8916.02060688833
8916.91751951674
8917.88962394983
8918.93670162159
8920.05853429845
8921.25490405613
8922.52559325658
8923.87038452515
8925.28906072783
8926.78140494865
8928.34720046726
8929.98623073664
8931.69827936087
8933.48313007319
8935.34056671402
8937.27037320928
8939.27233354873
8941.3462317645
8943.49185190974
8945.70897803739
8947.99739417913
8950.35688432438
8952.78723239954
8955.28822224723
8957.8596376058
8960.50126208886
8963.21287916499
8965.99427213759
8968.84522412483
8971.76551803973
8974.75493657041
8977.81326216047
8980.94027698936
8984.13576295315
8987.39950164515
8990.73127433686
8994.13086195894
8997.59804508239
9001.13260389976
9004.73431820663
9008.4029673831
9012.13833037549
9015.94018567812
9019.8083113153
9023.74248482337
9027.74248323293
9031.80808305122
9035.93906024459
9040.13519022115
9044.39624781355
9048.7220072619
9053.11224219682
9057.56672562268
9062.08522990093
9066.66752673361
9071.31338714701
9076.02258147548
9080.79487934535
9085.72364248391
9090.74540434463
9095.83146034581
9100.98157631815
9106.81253269435
9113.13626174924
9119.5391670138
9126.02102021249
9132.58159201259
9139.22065199625
9145.93796863287
9152.7333092515
9159.60644001339
9166.55712588468
9173.58513060928
9180.69021668178
9187.87214532061
9195.13067644131
9202.46556862998
9209.8765791168
9217.36346374984
9224.92597696893
9232.56387177974
9240.27689972804
9248.06481087412
9255.92735376736
9263.86427542108
9271.87532128746
9279.96023523274
9288.11875951256
9296.35063474756
9304.6555998991
9313.03339224531
9321.48374735723
9330.00639907527
9338.6010794858
9347.2675188981
9356.00544582138
9364.81458694219
9373.69466710198
9382.64540927497
9391.66653454617
9400.75776208986
9409.91880914809
9419.14939100962
9428.44922098912
9437.81801040655
9447.25546856698
9456.76130274051
9466.33521814271
9475.97691791518
9485.6861031065
9495.46247265351
9505.30572336287
9515.21554989296
9525.19164473611
9535.23369820123
9545.34139839663
9555.51443121339
9565.75248030891
9576.05522709096
9586.42235070199
9596.85352800388
9607.34843356306
9617.90673963599
9628.52811615506
9639.21223071489
9649.958748559
9660.76733256693
9671.63764324178
9682.5693386981
9693.56207465032
9704.61550440154
9715.72927883277
9726.90304639263
9738.1364530875
9749.42914247214
9760.78075564076
9772.19093121857
9783.65930535378
9795.18551171012
9806.76918145985
9818.40994327723
9830.10742333252
9841.86124528645
9853.67103028527
9865.53639695625
9877.45696140372
9889.43233720567
9901.46213541084
9913.54596453636
9925.683430566
9937.87413694886
9950.11768459866
9962.41367189368
9974.76169467708
9987.16134625796
9999.61221741293
10012.1138963882
10024.6659689025
10037.26801815
10049.9196248048
10062.6203670248
10075.3698204575
10088.167558245
10101.013151031
10113.9061669672
10126.8461717213
10139.8327284849
10152.8653979823
10165.9437384801
10179.0673057973
10192.2356533156
10205.4483319912
10218.7048903667
10232.0048745833
10245.3478283946
10258.7332931802
10272.1608079603
10285.6299094109
10299.1401318797
10312.6910074027
10326.282065721
10339.9128342992
10353.5828383432
10367.29160082
10381.038642477
10394.8234818625
10408.6456353472
10422.5046171456
10436.3999393384
10450.3311118959
10464.2976427015
10478.299037576
10492.3348003031
10506.4044326546
10520.507434417
10534.6433034185
10548.8115355567
10563.0116248268
10577.2430633508
10591.5053414065
10605.7979474585
10620.1203681887
10634.4720885275
10648.8525916866
10663.2613591912
10677.6978709136
10692.1616051072
10706.652038441
10721.1686460349
10735.7109014956
10750.2782769529
10764.8702430966
10779.4862692142
10794.1258232292
10808.7883717397
10823.4733800577
10838.180312249
10852.9086311736
10867.6577985268
10882.4272748805
10897.2165197255
10912.0249915137
10926.8521477017
10941.697444794
10956.5603383869
10971.4402832138
10986.3367331896
11001.2491414564
11016.1769604296
11031.1196418444
11046.0766368023
11061.0473958189
11076.0313688715
11091.0280054469
11106.0367545904
11121.0570649544
11136.0883848483
11151.1301622872
11166.1818450428
11181.2428806935
11196.312716675
11211.4634566228
11226.9723728679
11242.4899158097
11258.0155115265
11273.5485860353
11289.0885653472
11304.6348755225
11320.1869427266
11335.7441932858
11351.3060537434
11366.8719509164
11382.4413119519
11398.013564384
11413.5881361912
11429.1644558533
11444.7419524088
11460.7649285411
11476.7980931972
11492.831812495
11511.9331897407
11538.5569087489
11569.6579776227
11600.8573346539
11632.1537435824
11663.5459514187
11695.0326884784
11726.6126684223
11758.2845883032
11790.0471286185
11821.8989533694
11853.8387101256
11885.8650300975
11917.9765282137
11950.1718032062
11982.4494377009
12014.8079983155
12047.2460357641
12079.7620849682
12112.3546651743
12145.0222800788
12177.7634179594
12210.5765518135
12243.4601395034
12276.4126239083
12309.4324330839
12342.517980428
12375.6676648537
12408.8798709698
12442.1529692674
12475.4853163141
12508.8752549553
12542.321114522
12575.8212110457
12609.3738474808
12642.9773139331
12676.629887896
12710.3298344927
12744.0754067264
12777.864845736
12811.6963810596
12845.5682309042
12879.4786024221
12913.4256919941
12947.4076855186
12981.4227587082
13015.4690773916
13049.5447978223
13083.6480669938
13117.7770229598
13151.9297951619
13186.1045047621
13220.2992649812
13254.5121814436
13288.7413525268
13322.9848697166
13357.2408179683
13391.5072760717
13425.7823170223
13460.0640083973
13494.3504127353
13528.6395879219
13562.9295875789
13597.218461458
13631.5042558389
13665.7850139305
13700.0587762768
13734.323581166
13768.5774650427
13802.8184629236
13837.0446088163
13871.2539361405
13905.4444781526
13939.6142683715
13973.7613410081
14007.8837313952
14041.9794764208
14076.0466149614
14110.0831883182
14144.0872406532
14178.0568194267
14211.989975836
14245.8847652534
14279.7392476656
14313.5514881128
14348.2699347251
14383.5492053012
14418.7771744307
14453.9517950912
14489.0710285987
14524.1328450766
14559.135223923
14594.0761542757
14628.9536354747
14663.7656775216
14698.5103015364
14733.1855402103
14768.3317462396
14804.1223723009
14839.8411906877
14875.4861293088
14911.0551292107
14946.5461450654
14981.9571456528
15021.8838659214
15095.5222535663
15169.465148134
15243.7095762647
15318.2525362155
15393.0910000246
15468.221915727
15543.642209623
15619.3487885961
15695.3385424775
15772.0361140121
15851.008968806
15930.297301282
16009.8982374558
16091.1349615404
16185.4144438368
16283.7606632169
16382.7225506578
16482.2991517202
16582.4894729181
16683.2924844632
16784.7071231074
16886.7322950836
16989.3668791387
17092.6097296565
17196.4596798656
17300.9155451296
17405.976126312
17514.1145573978
17627.9585956764
17742.2848110563
17857.0908873633
17972.3746456184
18088.1340476353
18204.3671993874
18321.0723541413
18438.2479153527
18555.8924393211
18674.0046376032
18792.5833791802
18911.627692379
19031.1367665452
19151.1099534672
19271.5467685491
19396.0723414751
19524.1808421373
19652.8306238575
19782.018886755
19911.7429256998
20042.0001349006
20172.7880124568
20304.1041648622
20435.9463114445
20568.3122887241
20701.2000546762
20834.6076928725
20968.5334164861
21102.9755721313
21237.9326435188
21373.4032548953
21511.6813180958
21657.9167872172
21804.0550288465
21950.1241494792
22096.1516187247
22242.164242333
22388.1881410777
22534.4746045864
22688.2251051193
22842.1998657935
22996.4183537875
23150.8992674711
23305.6605375069
23460.7193308263
23616.0920571143
23771.794377454
23927.8412147977
24084.2467659483
24241.0245147499
24398.1872462041
24570.8525895168
24744.0304044414
24921.4551754599
25102.4994967772
25283.9204450369
25465.7197503245
25647.8990623729
25830.4599433057
26013.4038589467
26196.7321686392
26380.4461135253
26564.5468032521
26753.9547666009
26945.8837203334
27138.4054757119
27331.4828702855
27525.1181336399
27719.3129563733
27914.0684617091
28114.8663336758
28316.6277202641
28519.1198623447
28722.3433064594
28928.3306530413
29137.8704167647
29348.2776324858
29562.1121662151
29849.1386783346
30332.5641300331
30834.0136243605
31375.8611820936
31931.3117870724
32496.6708173483
33072.4564674477
33659.2251124855
34257.5732941174
34868.1399579229
35491.6089678311
36128.7119238167
36825.3333357027
37545.079344278
38282.5512848455
39038.6526255104
39814.3594238839
40610.7272558286
41428.8988072736
42310.2623940707
43313.7115363728
44343.4572012769
45400.1205172878
46485.2698730594
47600.9742748157
48760.7249289597
50034.1990700742
51352.1571946146
52717.6785818262
54228.7385393531
55866.1137030394
57624.1486834503
59450.4938110382
61350.7056870391
63405.4465281458
65624.2502838707
