3
10.4865761878573
17.9729431299897
25.4589514458702
32.9444517621275
40.429294715527
47.9133309559508
55.3964111493779
62.8783859808641
70.3591061575209
77.8384224114951
85.3161855029467
92.7922462230271
100.266455396856
107.738663886499
115.208722593942
122.676482464068
130.141794487627
137.604509704217
145.06447920525
152.521554136923
159.975585703194
167.426425168744
174.873923861951
182.317933177852
189.75830458111
197.194889608978
204.62753987426
212.056107068276
219.480442963815
226.900399418098
234.31582837573
241.726581871658
249.132512034122
256.533471087603
263.929311355775
271.319885264452
278.705045344528
286.084644234927
293.458534685535
300.826569560146
308.18860183939
315.544484623676
322.894071136113
330.237214725448
337.573768868985
344.903587175513
352.226523388225
359.542431387638
366.851165194507
374.152578972738
381.446527032301
388.73286383213
396.011443983037
403.282122250603
410.544753558083
417.799192989298
425.045295791527
432.282917378395
439.51191333276
446.73213940959
453.943451538846
461.145705828357
468.338758566686
475.522466226002
482.696685464943
489.861273131475
497.016086265751
504.160982102959
511.295818076176
518.420451819209
525.534741169439
532.638544170651
539.731719075877
546.814124350214
553.885618673656
560.946060943907
567.995310279204
575.033226021121
582.05966773738
589.074495224654
596.077568511358
603.068747860451
610.047893772218
617.014866987053
623.969528488244
630.911739504741
637.841361513926
644.75825624438
651.662285678639
658.553312055948
665.431197875012
672.295805896738
679.146999146974
685.984640919242
692.808594777465
699.618724558692
706.414894375811
713.196968620264
719.964811964751
726.71828936593
733.457266067114
740.181607600957
746.891179792138
753.585848760041
760.26548092142
766.929942993073
773.579101994495
780.212825250532
786.830980394033
793.433435368484
800.020058430652
806.590718153204
813.145283427338
819.683623465394
826.205607803463
832.711106303996
839.199989158395
845.672126889606
852.127390354699
858.565650747453
864.986779600915
871.390648789972
877.777130533906
884.14609739894
890.497422300784
896.83097850717
903.14663964038
909.444279679771
915.723772964285
921.984994194957
928.227818437421
934.452121124393
940.657778058167
946.844665413086
953.012659738014
959.161637958803
965.291477380744
971.402055691019
977.493250961138
983.564941649376
989.617006603194
995.64932506166
1001.66177665786
1007.65424142129
1013.62659978025
1019.57873256427
1025.51052100642
1031.42184674572
1037.3125918295
1043.18263871577
1049.03187027551
1054.86016979507
1060.66742097845
1066.45350794966
1072.218315255
1077.96172786538
1083.68363117863
1089.38391102174
1095.0624536532
1100.7191457652
1106.35387448596
1111.96652738194
1117.55699246008
1123.12515817008
1128.67091340656
1134.19414751134
1139.6947502756
1145.1726119421
1150.62762320737
1156.0596752239
1161.4686596023
1166.85446841345
1172.21699419067
1177.55612993187
1182.87176910169
1188.16380563358
1193.43213393197
1198.67664887436
1203.8972458134
1209.093820579
1214.26626948041
1219.41448930826
1224.53837733666
1229.6378313252
1234.71274952105
1239.76303066094
1244.78857397321
1249.78927917979
1254.76504649826
1259.71577664377
1264.64137083107
1269.54173077644
1274.41675869971
1279.26635732616
1284.09042988848
1288.88888012869
1293.66161230007
1298.4085311691
1303.12954201729
1307.82455064314
1312.49346336396
1317.1361870178
1321.75262896527
1326.34269709137
1330.9062998074
1335.4433460527
1339.95374529653
1344.43740753987
1348.89424331716
1353.32416369817
1357.7270802897
1362.10290523739
1366.45155122746
1370.77293148843
1375.06695979291
1379.33355045923
1383.57261835326
1387.78407888999
1391.96784803533
1396.12384230771
1400.25197877976
1404.35217508001
1408.42434939446
1412.46842046829
1416.4843076074
1420.47193068011
1424.43121011867
1428.36206692092
1432.26442265182
1436.13819944503
1439.98332000447
1443.79970760587
1447.58728609826
1451.34597990554
1455.07571402796
1458.77641404362
1462.44800610995
1466.0904169652
1469.7035739299
1473.28740490828
1476.84183838976
1480.36680345032
1483.86222975395
1487.32804755407
1490.76418769487
1494.17058161273
1497.54716133758
1500.89385949424
1504.21060930379
1507.49734458488
1510.75399975507
1513.98050983213
1517.17681043532
1520.3428377867
1523.47852871239
1526.58382064384
1529.65865161906
1532.70296028389
1535.71668589317
1538.699768312
1541.65214801693
1544.57376609715
1547.46456425563
1550.32448481032
1553.15347069531
1555.95146546194
1558.71841327992
1561.45425893848
1564.15894784745
1566.83242603835
1569.47464016546
1572.08553750691
1574.6650659657
1577.21317407075
1579.72981097796
1582.21492647116
1584.66847096317
1587.09039549677
1589.48065174566
1591.83919201545
1594.16596924459
1596.46093700532
1598.72404950462
1600.95526158506
1603.15452872578
1605.3218070433
1607.45705329247
1609.56022486728
1611.63127980173
1613.67017677065
1615.67687509057
1617.65133472048
1619.59351626265
1621.50338096344
1623.38089071401
1625.22600805116
1627.03869615801
1628.81891886477
1630.56664064947
1632.28182663862
1633.96444260797
1635.61445498315
1637.23183084034
1638.81653790696
1640.36854456227
1641.88781983805
1643.37433341916
1644.82805564421
1646.24895750609
1647.63701065258
1648.99218738693
1650.31446066838
1651.60380411273
1652.86019199283
1654.08359923912
1655.27400144015
1656.43137484301
1657.55569635384
1658.64694353831
1659.70509462203
1660.73012849098
1661.72202469199
1662.68076343307
1663.60632558387
1664.49869267601
1665.3578469035
1666.18377112306
1666.97644885446
1667.73586428087
1668.46200224915
1669.1548482702
1669.81438851918
1670.44060983585
1671.03349972478
1671.59304635565
1672.11923856345
1672.6120658487
1673.0715183777
1673.49758698267
1673.89026316199
1674.24953908031
1674.57540756877
1674.86786212509
1675.12689691373
1675.35250676599
1675.54468718013
1675.70343432144
1675.82874502234
1675.92061678241
1675.97904776847
1676.00403681461
1675.99558342222
1675.95368775996
1675.8783506638
1675.76957363701
1675.62735885007
1675.45170914071
1675.24262801377
1675.00011964119
1674.72418886191
1674.41484118175
1674.07208277335
1673.69592047598
1673.28636179548
1672.84341490404
1672.36708864007
1671.85739250804
1671.31433667827
1670.73793198669
1670.12818993472
1669.48512268894
1668.80874308091
1668.09906460689
1667.35610142756
1666.57986836778
1665.77038091624
1664.9276552252
1664.05170811013
1663.14255704939
1662.20022018388
1661.2247163167
1660.21606491271
1659.17428609824
1658.09940066059
1656.99143004767
1655.85039636757
1654.67632238811
1653.46923153637
1652.22914789826
1650.95609621799
1649.65010189762
1648.31119099655
1646.93939023096
1645.53472697332
1644.09722925182
1642.62692574982
1641.12384580528
1639.58801941016
1638.01947720986
1636.41825050254
1634.78437123856
1633.11787201982
1631.4187860991
1629.6871473794
1627.92299041329
1626.12635040217
1624.29726319562
1622.43576529064
1620.54189383096
1618.61568660627
1616.65718205148
1614.66641924596
1612.64343791273
1610.58827841772
1608.50098176889
1606.38158961549
1604.23014424718
1602.0466885932
1599.83126622151
1597.58392133792
1595.30469878523
1592.99364404231
1590.65080322317
1588.27622307611
1585.86995098273
1583.43203495698
1580.96252364427
1578.4614663204
1575.92891289067
1573.36491388881
1570.76952047604
1568.14278443998
1565.48475819367
1562.7954947745
1560.07504784315
1557.32347168254
1554.54082119673
1551.7271519098
1548.88251996481
1546.00698212261
1543.10059576075
1540.16341887232
1537.19551006477
1534.19692855881
1531.16773418715
1528.10798739335
1525.01774923059
1521.89708136048
1518.74604605182
1515.56470617933
1512.35312522244
1509.11136726398
1505.83949698894
1502.53757968315
1499.20568123199
1495.84386811908
1492.45220742494
1489.03076682566
1485.57961459157
1482.09881958581
1478.58845126305
1475.04857966803
1471.47927543419
1467.88060978226
1464.25265451886
1460.59548203501
1456.90916530475
1453.19377788364
1449.4493939073
1445.67608808997
1441.87393572294
1438.04301267313
1434.18339538154
1430.2951608617
1426.37838669818
1422.43315104503
1418.45953262417
1414.45761072391
1410.42746519729
1406.36917646052
1402.28282549137
1398.16849382755
1394.02626356511
1389.85621735675
1385.65843841021
1381.43301048662
1377.18001789878
1372.89954550952
1368.59167872999
1364.25650351796
1359.89410637612
1355.5045743503
1351.0879950278
1346.6444565356
1342.17404753864
1337.67685723798
1333.1529753691
1328.60249220006
1324.02549852973
1319.42208568594
1314.7923455237
1310.13637042333
1305.45425328863
1300.74608754507
1296.01196713782
1291.25198653
1286.46624070071
1281.65482514315
1276.81783586275
1271.95536937522
1267.06752270463
1262.15439338147
1257.21607944073
1252.25267941992
1247.26429235711
1242.25101778894
1237.21295574866
1232.15020676412
1227.06287185576
1221.95105253462
1216.81485080026
1211.65436913878
1206.46971052075
1201.26097839917
1196.02827670737
1190.77170985697
1185.49138273581
1180.18740070581
1174.8598696009
1169.50889572489
1164.13458584939
1158.7370472116
1153.31638751228
1147.87271491348
1142.40613803649
1136.91676595959
1131.40470821593
1125.87007479131
1120.312976122
1114.73352309255
1109.13182703353
1103.50799971937
1097.86215336608
1092.19440062905
1086.50485460077
1080.79362880857
1075.06083721241
1069.30659420254
1063.53101459725
1057.73421364057
1051.91630699998
1046.07741076409
1040.21764144034
1034.33711595266
1028.43595163913
1022.51426624966
1016.57217794364
1010.60980528757
1004.62726725267
998.624683212575
992.602172940881
986.559856608799
980.49785478274
974.416288421914
968.315278875914
962.194947882298
956.055417564156
949.896810427676
943.719249359698
937.522857625265
931.307758865157
925.07407709343
918.82193669494
912.55146242286
906.262779396189
899.956013097262
893.631289369237
887.288734413592
880.928474787602
874.550637401815
868.155349517521
861.74273874421
855.31293303703
848.866060694228
842.402250354595
835.921630994897
829.424331927301
822.910482796795
816.380213578605
809.833654575593
803.270936415665
796.692190049163
790.097546746247
783.487138094282
776.861095995208
770.21955266291
763.562640620581
756.890492698075
750.203242029258
743.501022049352
736.783966492269
730.052209387949
723.305885059679
716.545128121418
709.770073475106
702.980856307978
696.177612089861
689.360476570472
682.529585776715
675.685076009958
668.827083843319
661.95574611894
655.071199945255
648.173582694256
641.26303199875
634.339685749615
627.403682093045
620.455159427799
613.494256402434
606.521111912541
599.535865097974
592.538655340071
585.529622258878
578.508905710356
571.476645783596
564.432982798023
557.378057300592
550.312010062988
543.234982078817
536.147114560788
529.048548937902
521.939426852624
514.81989015806
507.690080915126
500.550141389714
493.400214049849
486.240441562854
479.070966792495
471.891932796136
464.703482821884
457.505760305727
450.298908868676
443.083072313895
435.858394623837
428.625019957367
421.383092646887
414.132757195454
406.8741582739
399.607440717944
392.3327495253
385.050229852787
377.760027013429
370.462286473558
363.157153849913
355.844774906729
348.525295552835
341.198861838735
333.865619953702
326.525716222856
319.179297104243
311.826509185919
304.467499183018
297.102413934827
289.731400401859
282.354605662916
274.972176912157
267.584261456161
260.191006710985
252.792560199226
245.389069547077
237.980682481376
230.567546826667
223.149810502243
215.727621519197
208.301127977472
200.8704780629
193.435820044248
185.99730227026
178.555073166698
171.109281233375
163.660075041198
156.207603229201
148.752014501579
141.29345762472
133.832081424239
126.368034782004
118.901466633171
111.43252596321
103.961361804927
96.4881232354999
89.0129593734955
81.5360193758984
74.0574524351336
66.5774077760894
59.0960346531401
51.6134823471675
44.129900162583
36.6454374243472
29.1602434749914
21.6744676716372
14.1882593830161
6.70176798648964
-0.78485713493196
-8.27146659556998
-15.7579110100582
-23.2440409963238
-30.7297071785678
-38.2147601902459
-45.6990506770488
-53.1824292998823
-60.6647467378473
-68.1458536912194
-75.6256008844275
-83.1038390690329
-90.5804190267071
-98.0551915722093
-105.528007556363
-112.998717869034
-120.4671734421
-127.933225252434
-135.396724324869
-142.857521735177
-150.315468613036
-157.770416145004
-165.222215577487
-172.670718219707
-180.115775446668
-187.557238702123
-194.994959501541
-202.428789435062
-209.858580170466
-217.284183456129
-224.705451123982
-232.122235092468
-239.534387369496
-246.941760055394
-254.344205345861
-261.741575534915
-269.13372301784
-276.520500294136
-283.901759970453
-291.277354763541
-298.647137503185
-306.010961135141
-313.36867872407
-320.720143456474
-328.06520864362
-335.403727724469
-342.735554268604
-350.060541979145
-357.378544695674
-364.68941639715
-371.993011204819
-379.289183385131
-386.577787352642
-393.858677672925
-401.131709065464
-408.396736406562
-415.653614732229
-422.902199241079
-430.142345297219
-437.373908433133
-444.596744352567
-451.810708933404
-459.015658230546
-466.211448478782
-473.397936095658
-480.574977684341
-487.742430036481
-494.900150135069
-502.04799515729
-509.185822477373
-516.313489669438
-523.430854510334
-530.537774982483
-537.634109276709
-544.719715795069
-551.794453153679
-558.858180185534
-565.910755943328
-572.952039702259
-579.981890962848
-587.00016945373
-594.006735134465
-601.001448198323
-607.984169075077
-614.954758433792
-621.913077185597
-628.858986486467
-635.79234773999
-642.713022600136
-649.620872974012
-656.515761024622
-663.397549173617
-670.266100104037
-677.121276763056
-683.962942364711
-690.790960392636
