6970
7257.02311469921
7382.91329859783
7504.82057520131
7625.78172807427
7745.97966580976
7865.52352948529
7984.59725070519
8049.36939207662
8098.90810381037
8147.89068574325
8196.36192938721
8244.36753957791
8291.92986552555
8339.06811892534
8385.81733028692
8432.20133175801
8478.24589774485
8523.96270839327
8569.37447056051
8614.50379728504
8659.37072376351
8703.9822184875
8748.3552200355
8792.50744103741
8836.4553339716
8880.20278690824
8923.75515821863
8967.12460202262
9010.32092248478
9053.32417904635
9096.12566960913
9138.73147158641
9181.15086493789
9205.18543456647
9227.23406126198
9249.12116998046
9270.84880967166
9292.42026674858
9313.83883656617
9335.10744091698
9356.22708457299
9377.20046593831
9398.03037909778
9418.71952273632
9439.27050397922
9459.68584203988
9479.96797168659
9500.1192465392
9520.14194220549
9540.03825926672
9559.81032612102
9579.4602016926
9598.98987801459
9618.40128269234
9637.696281254
9656.87667939442
9675.94422511833
9694.90061078808
9713.74747508109
9732.48640486188
9751.118936973
9769.64655994923
9788.07071565893
9806.39280087623
9824.61416878765
9842.73613043645
9860.75995610769
9878.68687665706
9896.51808478614
9914.25473626686
9931.89795111735
9949.4488147317
9966.90837896584
9984.2776631814
10001.5575324718
10015.9868445769
10027.6747217609
10039.2809257973
10050.8056933439
10062.2496122953
10073.6132849515
10084.8973006537
10096.1022361095
10107.2286557077
10118.2771118245
10129.24790355
10140.1412820982
10150.9577620871
10161.6978514656
10172.3620476904
10182.9508379808
10193.4646995653
10203.904099922
10214.2694970131
10224.561339512
10234.780067025
10244.9261103069
10254.999891471
10265.0018241933
10274.9323139119
10284.7917580205
10294.5805460573
10304.2990598892
10313.9476738908
10323.5267551194
10333.0366634851
10342.4777519166
10351.8503665235
10361.154846754
10370.3915255484
10379.5607294897
10388.6627789498
10397.6979882325
10406.6666657129
10415.5691139734
10424.4056299363
10433.1765049939
10441.8820251347
10450.5224710672
10459.0981183401
10467.6092374609
10476.0560940105
10484.4389487557
10492.7580577593
10501.0136724873
10509.2060399138
10517.3354026238
10525.4019989132
10533.406062887
10541.3478245549
10549.2275099252
10557.0453410964
10564.8015363468
10572.4963102221
10580.1298736215
10587.7024338812
10595.2141948568
10602.6653570033
10610.0561174546
10617.3866700993
10624.6572056572
10631.8679117522
10639.0189729853
10646.1105710047
10653.1428845755
10660.1160896476
10667.0303594219
10673.8858644156
10680.682772526
10687.4212490931
10694.1014569608
10700.7235565369
10707.2877058519
10713.7940606172
10720.2427742808
10726.6339980835
10732.9678811131
10739.2445703573
10745.4642107567
10751.6269452553
10757.7329148517
10763.7822586475
10769.7751138964
10775.7116160514
10781.5918988117
10787.4160941678
10793.1843324473
10798.896742358
10804.553451032
10810.1545840675
10815.7002655708
10821.1906181972
10826.6257631911
10832.0058204253
10837.3309084403
10842.6011444816
10847.8166445375
10852.9775233758
10858.0838945799
10863.1358705838
10868.1335627077
10873.0770811914
10877.9665352282
10882.8020329981
10887.5836817003
10892.3115875845
10896.985855983
10901.606591341
10906.1738972473
10910.6878764636
10915.1486309545
10919.5562619154
10923.9108698015
10928.2125543554
10932.4614146347
10936.6575490384
10940.8010553339
10944.892030683
10948.9305716672
10952.9167743134
10956.8507341183
10960.7325460728
10964.5623046864
10968.3401040106
10972.0660376619
10975.7401988452
10979.3626803758
10982.933574702
10986.4529739265
10989.9209698283
10993.3376538835
10996.7031172862
11000.0174501622
11003.280169364
11006.4907464002
11009.6492855467
11012.7558902649
11015.8105688333
11018.8134030911
11021.7645066295
11024.6639928908
11027.5119751861
11030.3085667116
11033.0538805651
11035.7480297622
11038.391127252
11040.9832859331
11043.5246186686
11046.0152383015
11048.4552576695
11050.8447896197
11053.1839470232
11055.472842789
11057.7115898784
11059.9003013185
11062.0390902156
11064.128069769
11066.167353284
11068.1570541843
11070.0972860256
11071.9881625074
11073.8297974856
11075.6223049847
11077.3657992095
11079.0603945571
11080.7062056281
11082.3033472383
11083.8519344299
11085.3520824822
11086.8039069224
11088.2075235368
11089.5630483806
11090.8705977885
11092.1302883851
11093.3422370942
11094.5065611492
11095.6233781025
11096.6928058349
11097.7149625652
11098.6899668589
11099.6179376376
11100.4989941877
11101.3332561691
11102.1208436238
11102.8618769842
11103.5564770813
11104.2047651531
11104.8068628522
11105.362892254
11105.872975864
11106.3372366256
11106.7557979273
11107.1287836102
11107.4563179749
11107.7385257887
11107.9755322925
11108.167463207
11108.3144447402
11108.4166035931
11108.4740669664
11108.4869625666
11108.4554186123
11108.3795638399
11108.2595275095
11108.095439411
11107.8874298691
11107.6356297492
11107.3401704626
11107.001183972
11106.6188027961
11106.1931600151
11105.7243892755
11105.2126247948
11104.658001366
11104.0606543624
11103.4207197421
11102.7383340521
11102.0136344326
11101.246758621
11100.4378449563
11099.5870323824
11098.6944604523
11097.7602693315
11096.7845998019
11095.767593265
11094.709391745
11093.6101378927
11092.469974988
11091.2890469434
11090.0674983064
11088.805474263
11087.5031206396
11086.1605839065
11084.7780111796
11083.3555502234
11081.8933494528
11080.3915579358
11078.8503253953
11077.2698022111
11075.6501394219
11073.9914887269
11072.2940024878
11070.5578337302
11068.7831361451
11066.9700640903
11065.1187725917
11063.2294173446
11061.3021547146
11059.3371417387
11057.3345361262
11055.2944962596
11053.217181195
11051.1027506631
11048.9513650693
11046.7631854945
11044.5383736951
11042.2770921034
11039.9795038274
11037.6457726514
11035.2760630353
11032.8705401149
11030.4293697012
11027.9527182803
11025.440753013
11022.8936417339
11020.311552951
11017.6946558451
11015.0431202682
11012.3571167435
11009.6367780784
11006.8821927708
11004.0935273811
11001.2709540719
10998.4144713126
10995.5234324685
10992.5979320865
10989.6381366264
10986.6442133946
10983.6163305433
10980.5546570701
10977.4593628169
10974.3306184688
10971.1685955538
10967.9734664407
10964.7454043386
10961.4845832952
10958.1911781954
10954.86536476
10951.5073195435
10948.1172199329
10944.6952441455
10941.2415712268
10937.756381049
10934.2398543079
10930.6921725216
10927.1135180271
10923.5040739786
10919.8640243442
10916.1935539036
10912.4928482452
10908.7620937627
10905.0014776526
10901.2111879107
10897.3914133287
10893.5423434908
10889.6641687707
10885.7570803269
10881.8212701001
10877.8569308083
10873.8642559436
10869.8434397675
10865.7946773071
10861.7181643504
10857.6140974421
10853.4826738788
10849.3240917046
10845.138549706
10840.926247407
10836.6873850641
10832.4221636612
10828.1307849042
10823.8134512156
10819.4703657289
10815.101732283
10810.7077554166
10806.2886403618
10801.8445930387
10797.3758200487
10792.8825286687
10788.3649268443
10783.8232231834
10779.2576269498
10774.6683480562
10770.0555970573
10765.4195851429
10760.7605241306
10756.0786264589
10751.3741051793
10746.6471739492
10741.898047024
10737.1269392497
10732.3340660546
10727.5196434413
10722.6838879792
10717.8270167953
10712.9492475665
10708.0507985109
10703.1318883791
10698.1927364455
10693.2335624994
10688.2545868359
10683.256030247
10678.2381140121
10673.2010598889
10668.1450901035
10663.0704273411
10657.9772947362
10652.8659158626
10647.7365147235
10642.5893157413
10637.4245437475
10632.2424239724
10627.0431820342
10621.8270439288
10616.5942360191
10611.3449850239
10606.0795180071
10600.7980623665
10595.500845823
10590.1880964087
10584.8600424558
10579.5169125853
10574.1589356949
10568.7863409474
10563.3993577589
10557.9982157868
10552.5831449176
10547.1543752549
10541.7121371066
10536.2566609733
10530.7881775349
10525.3069176386
10519.8131122856
10514.3069926191
10508.7887899103
10503.2587355462
10497.7170610162
10492.1639978986
10486.5997778476
10481.0246325798
10475.4387938605
10469.8424934905
10464.2359632919
10458.6194350945
10452.9931407221
10447.3573119784
10441.7121806329
10436.0579784068
10430.394936959
10424.7232878714
10419.0432626349
10413.3550926351
10407.659009137
10401.9552432716
10396.2440260201
10390.5255882002
10384.8001604505
10379.0679732162
10373.329256734
10367.5842410173
10361.8331558409
10356.0762307263
10350.3136949264
10344.5457774102
10338.7727068481
10332.994711596
10327.2120196807
10321.424858784
10315.6334562276
10309.8380389579
10304.0388335301
10298.2360660934
10292.4299623748
10286.6207476643
10280.8086467988
10274.9938841472
10269.1766835942
10263.3572685252
10257.5358618106
10251.7126857903
10245.887962258
10240.0619124458
10234.2347570085
10228.4067160082
10222.5780088985
10216.7488545093
10210.9194710311
10205.0900759996
10199.26088628
10193.4321180518
10187.6039867934
10181.7767072664
10175.9504935007
10170.1255587788
10164.3021156207
10158.4803757686
10152.660550172
10146.8428489721
10141.0274814869
10135.2146561966
10129.4045807279
10123.5974618398
10117.7934974883
10111.9927236139
10106.195248522
10100.4012784816
10094.6110188429
10088.8246740225
10083.0424474884
10077.2645417451
10071.4911583188
10065.7224977427
10059.9587595422
10054.2001422208
10048.4468432454
10042.6990590318
10036.9569849311
10031.2208152149
10025.4906091537
10019.7664190058
10014.0484384528
10007.5709074763
9999.2313678686
9990.8878542563
9982.53901268026
9974.18526407501
9965.82702999479
9957.46473256786
9949.09879445034
9940.7296387792
9932.35768912473
9923.98336944228
9915.60710402339
9907.22931744626
9898.8504345256
9890.47088026193
9882.09107979012
9873.71145832749
9865.33244112127
9856.95445339539
9848.57792029686
9840.20326684152
9831.83091785921
9823.46129793848
9815.09483137078
9806.73194209412
9798.37305363627
9790.01858905747
9781.66897089273
9773.32462109363
9764.98596096976
9756.65341112972
9748.32739142176
9740.00832087403
9731.69661763451
9723.39269891058
9715.09698090831
9706.80987877144
9698.53180652013
9690.26317698939
9682.00440176737
9673.75589113341
9665.51805399588
9657.29129782991
9649.07602861499
9640.87265077237
9632.68156710252
9624.5031787224
9616.33788500274
9608.18608350536
9600.04816992036
9591.92453800353
9583.81557951369
9575.72168415018
9567.64323949044
9559.58063092775
9551.53424160917
9543.50445237359
9535.49164169013
9527.49618559665
9519.51845763869
9511.55882880859
9503.61766748503
9495.69533937289
9487.79220744353
9479.90863187546
9472.04496999548
9464.2015762203
9456.37880199865
9448.57699575392
9440.79650282735
9433.03766542187
9425.30082254646
9417.58630996121
9409.89446012306
9402.22560213218
9394.58006167914
9386.95816099277
9379.36021878885
9371.78655021954
9364.23746682371
9356.71327647806
9349.21428334913
9341.74078784625
9334.29308657539
9326.87147229394
9319.47608409899
9312.10656298332
9304.76315449248
9297.44615645171
9290.15586252892
9282.89256218999
9275.65654065525
9268.44807885723
9261.26745339953
9254.11493651702
9246.99079603728
9239.89529534329
9232.82864766401
9225.79061140268
9218.78135973165
9211.80115120972
9204.85023980539
9197.92887486248
9191.03730106711
9183.43389188086
9170.43422975191
9157.44919257035
9144.47983633333
9131.52721836111
9118.59239699278
9105.67643127698
9092.78038065766
9079.90530465515
9067.05226254275
9054.22225260858
9041.41507672468
9028.63108865157
9015.87135889941
9003.13662889299
8990.42276794699
8977.72264135051
8965.03695124155
8952.36687773398
8939.71360508274
8927.07832131383
8914.46221784515
8901.86648909813
8889.2923321006
8876.74094608093
8864.2135320539
8851.71129239837
8839.23543042723
8826.78684836151
8814.36280749289
8801.96344222863
8789.59019559316
8777.24450660635
8764.92780963237
8752.64153373007
8740.38710200538
8728.16593096659
8715.97942988301
8703.82900014777
8691.71603464533
8679.64191712433
8667.60802157639
8655.61571162156
8643.66633990077
8631.76074937206
8619.89692986932
8608.07596403106
8596.29924620997
8584.56816015498
8572.8840783299
8561.24836123638
8549.66235674201
8538.12739941425
8526.64480986096
8515.21589407816
8503.84194280596
8492.52423089312
8481.26401667122
8470.06254133904
8458.92102835784
8447.84048222572
8436.81875104242
8425.85580524168
8414.95327577966
8404.11274207089
8393.33573282916
8382.62372690823
8371.9781360318
8361.39846494888
8350.88438708281
8340.43727321766
8330.05845212277
8319.74921111369
8309.51079659555
8299.34441458791
8289.25123123069
8279.23237327085
8269.28892852987
8259.4219463523
8249.63243803585
8239.91836946546
8230.27770999066
8220.71133525005
8211.21819735255
8201.799319747
8192.4559014659
8183.18910159361
8174.00003905133
8164.8897924094
8155.85939972729
8146.90985842183
8138.04212516396
8129.25648520022
8120.5523037889
8111.93031997547
8103.39138881771
8094.93632768448
8086.56591411117
8078.28088591268
8070.0811489313
8061.96648927575
8053.93755602836
8045.99497229747
8038.13922898076
8030.36984506502
8022.68717398333
8015.09151367722
8004.28227255893
7986.61440486585
7968.97155192494
7951.35040793701
7933.74626854595
7916.16630595924
7898.6180380608
7881.10890567504
7863.6462647303
7846.23737912722
7828.88941427505
7811.60943125947
7794.3944905175
7777.23747402838
7760.14556719493
7743.1264439647
7726.18773717157
7709.3370275137
7692.58183254478
7675.92628465265
7659.34073850572
7642.82142306006
7626.37997271967
7610.02819550434
7593.77766118514
7577.639011119
7561.60586803495
7545.67789195017
7529.86640792643
7514.17129562929
7498.57873903779
7483.07931287592
7467.68535070319
7452.41330981028
7437.27488783366
7422.25963549439
