0
1E-06
2E-06
3E-06
4E-06
5E-06
6E-06
7E-06
8E-06
9E-06
1E-05
1.1E-05
1.2E-05
1.3E-05
1.4E-05
1.5E-05
1.6E-05
1.7E-05
1.8E-05
1.9E-05
2E-05
2.1E-05
2.2E-05
2.3E-05
2.4E-05
2.5E-05
2.6E-05
2.7E-05
2.8E-05
2.9E-05
3E-05
3.1E-05
3.2E-05
3.3E-05
3.4E-05
3.5E-05
3.6E-05
3.7E-05
3.8E-05
3.9E-05
4E-05
4.1E-05
4.2E-05
4.3E-05
4.4E-05
4.5E-05
4.6E-05
4.7E-05
4.8E-05
4.9E-05
5E-05
5.1E-05
5.19999999999999E-05
5.29999999999999E-05
5.39999999999999E-05
5.49999999999999E-05
5.59999999999999E-05
5.69999999999999E-05
5.79999999999999E-05
5.89999999999999E-05
5.99999999999999E-05
6.09999999999999E-05
6.19999999999999E-05
6.29999999999999E-05
6.39999999999999E-05
6.49999999999999E-05
6.59999999999999E-05
6.69999999999999E-05
6.79999999999999E-05
6.89999999999999E-05
6.99999999999999E-05
7.09999999999999E-05
7.19999999999999E-05
7.29999999999999E-05
7.39999999999999E-05
7.49999999999999E-05
7.59999999999999E-05
7.69999999999999E-05
7.79999999999999E-05
7.89999999999999E-05
7.99999999999999E-05
8.09999999999999E-05
8.19999999999999E-05
8.29999999999999E-05
8.39999999999999E-05
8.49999999999999E-05
8.59999999999999E-05
8.69999999999999E-05
8.79999999999998E-05
8.89999999999998E-05
8.99999999999998E-05
9.09999999999998E-05
9.19999999999998E-05
9.29999999999998E-05
9.39999999999998E-05
9.49999999999998E-05
9.59999999999998E-05
9.69999999999998E-05
9.79999999999998E-05
9.89999999999998E-05
9.99999999999998E-05
0.000101
0.000102
0.000103
0.000104
0.000105
0.000106
0.000107
0.000108
0.000109
0.00011
0.000111
0.000112
0.000113
0.000114
0.000115
0.000116
0.000117
0.000118
0.000119
0.00012
0.000121
0.000122
0.000123
0.000124
0.000125
0.000126
0.000127
0.000128
0.000129
0.00013
0.000131
0.000132
0.000133
0.000134
0.000135
0.000136
0.000137
0.000138
0.000139
0.00014
0.000141
0.000142
0.000143
0.000144
0.000145
0.000146
0.000147
0.000148
0.000149
0.00015
0.000151
0.000152
0.000153
0.000154
0.000155
0.000156
0.000157
0.000158
0.000159
0.00016
0.000161
0.000162
0.000163
0.000164
0.000165
0.000166
0.000167
0.000168
0.000169
0.00017
0.000171
0.000172
0.000173
0.000174
0.000175
0.000176
0.000177
0.000178
0.000179
0.00018
0.000181
0.000182
0.000183
0.000184
0.000185
0.000186
0.000187
0.000188
0.000189
0.00019
0.000191
0.000192
0.000193
0.000194
0.000195
0.000196
0.000197
0.000198
0.000199
0.0002
0.000201
0.000202
0.000203
0.000204
0.000205
0.000206
0.000207
0.000208
0.000209
0.00021
0.000211
0.000212
0.000213
0.000214
0.000215
0.000216
0.000217
0.000217999999999999
0.000218999999999999
0.000219999999999999
0.000220999999999999
0.000221999999999999
0.000222999999999999
0.000223999999999999
0.000224999999999999
0.000225999999999999
0.000226999999999999
0.000227999999999999
0.000228999999999999
0.000229999999999999
0.000230999999999999
0.000231999999999999
0.000232999999999999
0.000233999999999999
0.000234999999999999
0.000235999999999999
0.000236999999999999
0.000237999999999999
0.000238999999999999
0.000239999999999999
0.000240999999999999
0.000241999999999999
0.000242999999999999
0.000243999999999999
0.000244999999999999
0.000245999999999999
0.000246999999999999
0.000248
0.000249
0.00025
0.000251
0.000252
0.000253
0.000254
0.000255
0.000256
0.000257
0.000258
0.000259
0.00026
0.000261
0.000262
0.000263
0.000264
0.000265
0.000266
0.000267
0.000268
0.000269
0.00027
0.000271
0.000272
0.000273
0.000274
0.000275
0.000276
0.000277
0.000278
0.000279
0.00028
0.000281
0.000282
0.000283
0.000284
0.000285
0.000286
0.000287
0.000288
0.000289000000000001
0.000290000000000001
0.000291000000000001
0.000292000000000001
0.000293000000000001
0.000294000000000001
0.000295000000000001
0.000296000000000001
0.000297000000000001
0.000298000000000001
0.000299000000000001
0.000300000000000001
0.000301000000000001
0.000302000000000001
0.000303000000000001
0.000304000000000001
0.000305000000000001
0.000306000000000001
0.000307000000000001
0.000308000000000001
0.000309000000000001
0.000310000000000001
0.000311000000000001
0.000312000000000001
0.000313000000000001
0.000314000000000001
0.000315000000000001
0.000316000000000001
0.000317000000000001
0.000318000000000001
0.000319000000000001
0.000320000000000001
0.000321000000000001
0.000322000000000001
0.000323000000000001
0.000324000000000001
0.000325000000000001
0.000326000000000001
0.000327000000000001
0.000328000000000001
0.000329000000000001
0.000330000000000002
0.000331000000000002
0.000332000000000002
0.000333000000000002
0.000334000000000002
0.000335000000000002
0.000336000000000002
0.000337000000000002
0.000338000000000002
0.000339000000000002
0.000340000000000002
0.000341000000000002
0.000342000000000002
0.000343000000000002
0.000344000000000002
0.000345000000000002
0.000346000000000002
0.000347000000000002
0.000348000000000002
0.000349000000000002
0.000350000000000002
0.000351000000000002
0.000352000000000002
0.000353000000000002
0.000354000000000002
0.000355000000000002
0.000356000000000002
0.000357000000000002
0.000358000000000002
0.000359000000000002
0.000360000000000002
0.000361000000000002
0.000362000000000002
0.000363000000000002
0.000364000000000002
0.000365000000000002
0.000366000000000002
0.000367000000000002
0.000368000000000002
0.000369000000000002
0.000370000000000002
0.000371000000000003
0.000372000000000003
0.000373000000000003
0.000374000000000003
0.000375000000000003
0.000376000000000003
0.000377000000000003
0.000378000000000003
0.000379000000000003
0.000380000000000003
0.000381000000000003
0.000382000000000003
0.000383000000000003
0.000384000000000003
0.000385000000000003
0.000386000000000003
0.000387000000000003
0.000388000000000003
0.000389000000000003
0.000390000000000003
0.000391000000000003
0.000392000000000003
0.000393000000000003
0.000394000000000003
0.000395000000000003
0.000396000000000003
0.000397000000000003
0.000398000000000003
0.000399000000000003
0.000400000000000003
0.000401000000000003
0.000402000000000003
0.000403000000000003
0.000404000000000003
0.000405000000000003
0.000406000000000003
0.000407000000000003
0.000408000000000003
0.000409000000000003
0.000410000000000003
0.000411000000000003
0.000412000000000004
0.000413000000000004
0.000414000000000004
0.000415000000000004
0.000416000000000004
0.000417000000000004
0.000418000000000004
0.000419000000000004
0.000420000000000004
0.000421000000000004
0.000422000000000004
0.000423000000000004
0.000424000000000004
0.000425000000000004
0.000426000000000004
0.000427000000000004
0.000428000000000004
0.000429000000000004
0.000430000000000004
0.000431000000000004
0.000432000000000004
0.000433000000000004
0.000434000000000004
0.000435000000000004
0.000436000000000004
0.000437000000000004
0.000438000000000004
0.000439000000000004
0.000440000000000004
0.000441000000000004
0.000442000000000004
0.000443000000000004
0.000444000000000004
0.000445000000000004
0.000446000000000004
0.000447000000000004
0.000448000000000004
0.000449000000000004
0.000450000000000004
0.000451000000000004
0.000452000000000004
0.000453000000000005
0.000454000000000005
0.000455000000000005
0.000456000000000005
0.000457000000000005
0.000458000000000005
0.000459000000000005
0.000460000000000005
0.000461000000000005
0.000462000000000005
0.000463000000000005
0.000464000000000005
0.000465000000000005
0.000466000000000005
0.000467000000000005
0.000468000000000005
0.000469000000000005
0.000470000000000005
0.000471000000000005
0.000472000000000005
0.000473000000000005
0.000474000000000005
0.000475000000000005
0.000476000000000005
0.000477000000000005
0.000478000000000005
0.000479000000000005
0.000480000000000005
0.000481000000000005
0.000482000000000005
0.000483000000000005
0.000484000000000005
0.000485000000000005
0.000486000000000005
0.000487000000000005
0.000488000000000005
0.000489000000000005
0.000490000000000005
0.000491000000000005
0.000492000000000005
0.000493000000000005
0.000494000000000006
0.000495000000000006
0.000496000000000006
0.000497000000000006
0.000498000000000006
0.000499000000000006
0.000500000000000006
0.000501000000000006
0.000502000000000006
0.000503000000000006
0.000504000000000006
0.000505000000000006
0.000506000000000006
0.000507000000000006
0.000508000000000006
0.000509000000000006
0.000510000000000006
0.000511000000000006
0.000512000000000006
0.000513000000000006
0.000514000000000006
0.000515000000000006
0.000516000000000006
0.000517000000000006
0.000518000000000006
0.000519000000000006
0.000520000000000006
0.000521000000000006
0.000522000000000006
0.000523000000000006
0.000524000000000006
0.000525000000000006
0.000526000000000006
0.000527000000000006
0.000528000000000006
0.000529000000000006
0.000530000000000006
0.000531000000000006
0.000532000000000006
0.000533000000000006
0.000534000000000006
0.000535000000000006
0.000536000000000007
0.000537000000000007
0.000538000000000007
0.000539000000000007
0.000540000000000007
0.000541000000000007
0.000542000000000007
0.000543000000000007
0.000544000000000007
0.000545000000000007
0.000546000000000007
0.000547000000000007
0.000548000000000007
0.000549000000000007
0.000550000000000007
0.000551000000000007
0.000552000000000007
0.000553000000000007
0.000554000000000007
0.000555000000000007
0.000556000000000007
0.000557000000000007
0.000558000000000007
0.000559000000000007
0.000560000000000007
0.000561000000000007
0.000562000000000007
0.000563000000000007
0.000564000000000007
0.000565000000000007
0.000566000000000007
0.000567000000000007
0.000568000000000007
0.000569000000000007
0.000570000000000007
0.000571000000000007
0.000572000000000007
0.000573000000000007
0.000574000000000007
0.000575000000000007
0.000576000000000007
0.000577000000000008
0.000578000000000008
0.000579000000000008
0.000580000000000008
0.000581000000000008
0.000582000000000008
0.000583000000000008
0.000584000000000008
0.000585000000000008
0.000586000000000008
0.000587000000000008
0.000588000000000008
0.000589000000000008
0.000590000000000008
0.000591000000000008
0.000592000000000008
0.000593000000000008
0.000594000000000008
0.000595000000000008
0.000596000000000008
0.000597000000000008
0.000598000000000008
0.000599000000000008
0.000600000000000008
0.000601000000000008
0.000602000000000008
0.000603000000000008
0.000604000000000008
0.000605000000000008
0.000606000000000008
0.000607000000000008
0.000608000000000008
0.000609000000000008
0.000610000000000008
0.000611000000000008
0.000612000000000008
0.000613000000000008
0.000614000000000008
0.000615000000000008
0.000616000000000008
0.000617000000000008
0.000618000000000009
0.000619000000000009
0.000620000000000009
0.000621000000000009
0.000622000000000009
0.000623000000000009
0.000624000000000009
0.000625000000000009
0.000626000000000009
0.000627000000000009
0.000628000000000009
0.000629000000000009
0.000630000000000009
0.000631000000000009
0.000632000000000009
0.000633000000000009
0.000634000000000009
0.000635000000000009
0.000636000000000009
0.000637000000000009
0.000638000000000009
0.000639000000000009
0.000640000000000009
0.000641000000000009
0.000642000000000009
0.000643000000000009
0.000644000000000009
0.000645000000000009
0.000646000000000009
0.000647000000000009
0.000648000000000009
0.000649000000000009
0.000650000000000009
0.000651000000000009
0.000652000000000009
0.000653000000000009
0.000654000000000009
0.000655000000000009
0.000656000000000009
0.000657000000000009
0.000658000000000009
0.00065900000000001
0.00066000000000001
0.00066100000000001
0.00066200000000001
0.00066300000000001
0.00066400000000001
0.00066500000000001
0.00066600000000001
0.00066700000000001
0.00066800000000001
0.00066900000000001
0.00067000000000001
0.00067100000000001
0.00067200000000001
0.00067300000000001
0.00067400000000001
0.00067500000000001
0.00067600000000001
0.00067700000000001
0.00067800000000001
0.00067900000000001
0.00068000000000001
0.00068100000000001
0.00068200000000001
0.00068300000000001
0.00068400000000001
0.00068500000000001
0.00068600000000001
0.00068700000000001
0.00068800000000001
0.00068900000000001
0.00069000000000001
0.00069100000000001
0.00069200000000001
0.00069300000000001
0.00069400000000001
0.00069500000000001
0.00069600000000001
0.00069700000000001
0.00069800000000001
0.00069900000000001
0.000700000000000011
0.000701000000000011
0.000702000000000011
0.000703000000000011
0.000704000000000011
0.000705000000000011
0.000706000000000011
0.000707000000000011
0.000708000000000011
0.000709000000000011
0.000710000000000011
0.000711000000000011
0.000712000000000011
0.000713000000000011
0.000714000000000011
0.000715000000000011
0.000716000000000011
0.000717000000000011
0.000718000000000011
0.000719000000000011
0.000720000000000011
0.000721000000000011
0.000722000000000011
0.000723000000000011
0.000724000000000011
0.000725000000000011
0.000726000000000011
0.000727000000000011
0.000728000000000011
0.000729000000000011
0.000730000000000011
0.000731000000000011
0.000732000000000011
0.000733000000000011
0.000734000000000011
0.000735000000000011
0.000736000000000011
0.000737000000000011
0.000738000000000011
0.000739000000000011
0.000740000000000011
0.000741000000000012
0.000742000000000012
0.000743000000000012
0.000744000000000012
0.000745000000000012
0.000746000000000012
0.000747000000000012
0.000748000000000012
0.000749000000000012
0.000750000000000012
0.000751000000000012
0.000752000000000012
0.000753000000000012
0.000754000000000012
0.000755000000000012
0.000756000000000012
0.000757000000000012
0.000758000000000012
0.000759000000000012
0.000760000000000012
0.000761000000000012
0.000762000000000012
0.000763000000000012
0.000764000000000012
0.000765000000000012
0.000766000000000012
0.000767000000000012
0.000768000000000012
0.000769000000000012
0.000770000000000012
0.000771000000000012
0.000772000000000012
0.000773000000000012
0.000774000000000012
0.000775000000000012
0.000776000000000012
0.000777000000000012
0.000778000000000012
0.000779000000000012
0.000780000000000012
0.000781000000000012
0.000782000000000013
0.000783000000000013
0.000784000000000013
0.000785000000000013
0.000786000000000013
0.000787000000000013
0.000788000000000013
0.000789000000000013
0.000790000000000013
0.000791000000000013
0.000792000000000013
0.000793000000000013
0.000794000000000013
0.000795000000000013
0.000796000000000013
0.000797000000000013
0.000798000000000013
0.000799000000000013
0.000800000000000013
0.000801000000000013
0.000802000000000013
0.000803000000000013
0.000804000000000013
0.000805000000000013
0.000806000000000013
0.000807000000000013
0.000808000000000013
0.000809000000000013
0.000810000000000013
0.000811000000000013
0.000812000000000013
0.000813000000000013
0.000814000000000013
0.000815000000000013
0.000816000000000013
0.000817000000000013
0.000818000000000013
0.000819000000000013
0.000820000000000013
0.000821000000000013
0.000822000000000013
0.000823000000000013
0.000824000000000014
0.000825000000000014
0.000826000000000014
0.000827000000000014
0.000828000000000014
0.000829000000000014
0.000830000000000014
0.000831000000000014
0.000832000000000014
0.000833000000000014
0.000834000000000014
0.000835000000000014
0.000836000000000014
0.000837000000000014
0.000838000000000014
0.000839000000000014
0.000840000000000014
0.000841000000000014
0.000842000000000014
0.000843000000000014
0.000844000000000014
0.000845000000000014
0.000846000000000014
0.000847000000000014
0.000848000000000014
0.000849000000000014
0.000850000000000014
0.000851000000000014
0.000852000000000014
0.000853000000000014
0.000854000000000014
0.000855000000000014
0.000856000000000014
0.000857000000000014
0.000858000000000014
0.000859000000000014
0.000860000000000014
0.000861000000000014
0.000862000000000014
0.000863000000000014
0.000864000000000014
0.000865000000000015
0.000866000000000015
0.000867000000000015
0.000868000000000015
0.000869000000000015
0.000870000000000015
0.000871000000000015
0.000872000000000015
0.000873000000000015
0.000874000000000015
0.000875000000000015
0.000876000000000015
0.000877000000000015
0.000878000000000015
0.000879000000000015
0.000880000000000015
0.000881000000000015
0.000882000000000015
0.000883000000000015
0.000884000000000015
0.000885000000000015
0.000886000000000015
0.000887000000000015
0.000888000000000015
0.000889000000000015
0.000890000000000015
0.000891000000000015
0.000892000000000015
0.000893000000000015
0.000894000000000015
0.000895000000000015
0.000896000000000015
0.000897000000000015
0.000898000000000015
0.000899000000000015
0.000900000000000015
0.000901000000000015
0.000902000000000015
0.000903000000000015
0.000904000000000015
0.000905000000000015
0.000906000000000016
0.000907000000000016
0.000908000000000016
0.000909000000000016
0.000910000000000016
0.000911000000000016
0.000912000000000016
0.000913000000000016
0.000914000000000016
0.000915000000000016
0.000916000000000016
0.000917000000000016
0.000918000000000016
0.000919000000000016
0.000920000000000016
0.000921000000000016
0.000922000000000016
0.000923000000000016
0.000924000000000016
0.000925000000000016
0.000926000000000016
0.000927000000000016
0.000928000000000016
0.000929000000000016
0.000930000000000016
0.000931000000000016
0.000932000000000016
0.000933000000000016
0.000934000000000016
0.000935000000000016
0.000936000000000016
0.000937000000000016
0.000938000000000016
0.000939000000000016
0.000940000000000016
0.000941000000000016
0.000942000000000016
0.000943000000000016
0.000944000000000016
0.000945000000000016
0.000946000000000016
0.000947000000000017
0.000948000000000017
0.000949000000000017
0.000950000000000017
0.000951000000000017
0.000952000000000017
0.000953000000000017
0.000954000000000017
0.000955000000000017
0.000956000000000017
0.000957000000000017
0.000958000000000017
0.000959000000000017
0.000960000000000017
0.000961000000000017
0.000962000000000017
0.000963000000000017
0.000964000000000017
0.000965000000000017
0.000966000000000017
0.000967000000000017
0.000968000000000017
0.000969000000000017
0.000970000000000017
0.000971000000000017
0.000972000000000017
0.000973000000000017
0.000974000000000017
0.000975000000000017
0.000976000000000017
0.000977000000000017
0.000978000000000017
0.000979000000000017
0.000980000000000017
0.000981000000000017
0.000982000000000017
0.000983000000000017
0.000984000000000017
0.000985000000000016
0.000986000000000016
0.000987000000000016
0.000988000000000016
0.000989000000000016
0.000990000000000016
0.000991000000000016
0.000992000000000016
0.000993000000000016
0.000994000000000016
0.000995000000000016
0.000996000000000016
0.000997000000000015
0.000998000000000015
0.000999000000000015
0.00100000000000002
0.00100100000000002
0.00100200000000002
0.00100300000000001
0.00100400000000001
0.00100500000000001
0.00100600000000001
0.00100700000000001
0.00100800000000001
0.00100900000000001
0.00101000000000001
0.00101100000000001
0.00101200000000001
0.00101300000000001
0.00101400000000001
0.00101500000000001
0.00101600000000001
0.00101700000000001
0.00101800000000001
0.00101900000000001
0.00102000000000001
0.00102100000000001
0.00102200000000001
0.00102300000000001
0.00102400000000001
0.00102500000000001
0.00102600000000001
0.00102700000000001
0.00102800000000001
0.00102900000000001
0.00103000000000001
0.00103100000000001
0.00103200000000001
0.00103300000000001
0.00103400000000001
0.00103500000000001
0.00103600000000001
0.00103700000000001
0.00103800000000001
0.00103900000000001
0.00104000000000001
0.00104100000000001
0.00104200000000001
0.00104300000000001
0.00104400000000001
0.00104500000000001
0.00104600000000001
0.00104700000000001
0.00104800000000001
0.00104900000000001
0.00105000000000001
0.00105100000000001
0.00105200000000001
0.00105300000000001
0.00105400000000001
0.00105500000000001
0.00105600000000001
0.00105700000000001
0.00105800000000001
0.00105900000000001
0.00106000000000001
0.00106100000000001
0.00106200000000001
0.00106300000000001
0.00106400000000001
0.00106500000000001
0.00106600000000001
0.00106700000000001
0.00106800000000001
0.00106900000000001
0.00107000000000001
0.00107100000000001
0.00107200000000001
0.00107300000000001
0.00107400000000001
0.00107500000000001
0.00107600000000001
0.00107700000000001
0.00107800000000001
0.00107900000000001
0.00108000000000001
0.00108100000000001
0.00108200000000001
0.00108300000000001
0.00108400000000001
0.00108500000000001
0.00108600000000001
0.00108700000000001
0.00108800000000001
0.00108900000000001
0.00109000000000001
0.00109100000000001
0.00109200000000001
0.00109300000000001
0.00109400000000001
0.00109500000000001
0.00109600000000001
0.00109700000000001
0.00109800000000001
0.00109900000000001
0.00110000000000001
0.00110100000000001
0.00110200000000001
0.00110300000000001
0.00110400000000001
0.00110500000000001
0.00110600000000001
0.00110700000000001
0.00110800000000001
0.00110900000000001
0.00111000000000001
0.00111100000000001
0.00111200000000001
0.00111300000000001
0.00111400000000001
0.00111500000000001
0.00111600000000001
0.00111700000000001
0.00111800000000001
0.00111900000000001
0.00112000000000001
0.00112100000000001
0.001122
0.001123
0.001124
0.001125
0.001126
0.001127
0.001128
0.001129
0.00113
0.001131
0.001132
0.001133
0.001134
0.001135
0.001136
0.001137
0.001138
0.001139
0.00114
0.001141
0.001142
0.001143
0.001144
0.001145
0.001146
0.001147
0.001148
0.001149
0.00115
0.001151
0.001152
0.001153
0.001154
0.001155
0.001156
0.001157
0.001158
0.001159
0.00116
0.001161
0.001162
0.001163
0.001164
0.001165
0.001166
0.001167
0.001168
0.001169
0.00117
0.001171
0.001172
0.001173
0.001174
0.001175
0.001176
0.001177
0.001178
0.001179
0.00118
0.001181
0.001182
0.001183
0.001184
0.001185
0.001186
0.001187
0.001188
0.001189
0.00119
0.001191
0.001192
0.001193
0.001194
0.001195
0.001196
0.001197
0.001198
0.001199
0.0012
0.001201
0.001202
0.001203
0.001204
0.001205
0.001206
0.001207
0.001208
0.001209
0.00121
0.001211
0.001212
0.001213
0.001214
0.001215
0.001216
0.001217
0.001218
0.001219
0.00122
0.001221
0.001222
0.001223
0.001224
0.001225
0.001226
0.001227
0.001228
0.001229
0.00123
0.001231
0.001232
0.001233
0.001234
0.001235
0.001236
0.001237
0.001238
0.001239
0.00124
0.00124099999999999
0.00124199999999999
0.00124299999999999
0.00124399999999999
0.00124499999999999
0.00124599999999999
0.00124699999999999
0.00124799999999999
0.00124899999999999
0.00124999999999999
0.00125099999999999
0.00125199999999999
0.00125299999999999
0.00125399999999999
0.00125499999999999
0.00125599999999999
0.00125699999999999
0.00125799999999999
0.00125899999999999
0.00125999999999999
0.00126099999999999
0.00126199999999999
0.00126299999999999
0.00126399999999999
0.00126499999999999
0.00126599999999999
0.00126699999999999
0.00126799999999999
0.00126899999999999
0.00126999999999999
0.00127099999999999
0.00127199999999999
0.00127299999999999
0.00127399999999999
0.00127499999999999
0.00127599999999999
0.00127699999999999
0.00127799999999999
0.00127899999999999
0.00127999999999999
0.00128099999999999
0.00128199999999999
0.00128299999999999
0.00128399999999999
0.00128499999999999
0.00128599999999999
0.00128699999999999
0.00128799999999999
0.00128899999999999
0.00128999999999999
0.00129099999999999
0.00129199999999999
0.00129299999999999
0.00129399999999999
0.00129499999999999
0.00129599999999999
0.00129699999999999
0.00129799999999999
0.00129899999999999
0.00129999999999999
0.00130099999999999
0.00130199999999999
0.00130299999999999
0.00130399999999999
0.00130499999999999
0.00130599999999999
0.00130699999999999
0.00130799999999999
0.00130899999999999
0.00130999999999999
0.00131099999999999
0.00131199999999999
0.00131299999999999
0.00131399999999999
0.00131499999999999
0.00131599999999999
0.00131699999999999
0.00131799999999999
0.00131899999999999
0.00131999999999999
0.00132099999999999
0.00132199999999999
0.00132299999999999
0.00132399999999999
0.00132499999999999
0.00132599999999999
0.00132699999999999
0.00132799999999999
0.00132899999999999
0.00132999999999999
0.00133099999999999
0.00133199999999999
0.00133299999999999
0.00133399999999999
0.00133499999999999
0.00133599999999999
0.00133699999999999
0.00133799999999999
0.00133899999999999
0.00133999999999999
0.00134099999999999
0.00134199999999999
0.00134299999999999
0.00134399999999999
0.00134499999999999
0.00134599999999999
0.00134699999999999
0.00134799999999999
0.00134899999999999
0.00134999999999999
0.00135099999999999
0.00135199999999999
0.00135299999999999
0.00135399999999999
0.00135499999999999
0.00135599999999999
0.00135699999999999
0.00135799999999999
0.00135899999999999
0.00135999999999998
0.00136099999999998
0.00136199999999998
0.00136299999999998
0.00136399999999998
0.00136499999999998
0.00136599999999998
0.00136699999999998
0.00136799999999998
0.00136899999999998
0.00136999999999998
0.00137099999999998
0.00137199999999998
0.00137299999999998
0.00137399999999998
0.00137499999999998
0.00137599999999998
0.00137699999999998
0.00137799999999998
0.00137899999999998
0.00137999999999998
0.00138099999999998
0.00138199999999998
0.00138299999999998
0.00138399999999998
0.00138499999999998
0.00138599999999998
0.00138699999999998
0.00138799999999998
0.00138899999999998
0.00138999999999998
0.00139099999999998
0.00139199999999998
0.00139299999999998
0.00139399999999998
0.00139499999999998
0.00139599999999998
0.00139699999999998
0.00139799999999998
0.00139899999999998
0.00139999999999998
0.00140099999999998
0.00140199999999998
0.00140299999999998
0.00140399999999998
0.00140499999999998
0.00140599999999998
0.00140699999999998
0.00140799999999998
0.00140899999999998
0.00140999999999998
0.00141099999999998
0.00141199999999998
0.00141299999999998
0.00141399999999998
0.00141499999999998
0.00141599999999998
0.00141699999999998
0.00141799999999998
0.00141899999999998
0.00141999999999998
0.00142099999999998
0.00142199999999998
0.00142299999999998
0.00142399999999998
0.00142499999999998
0.00142599999999998
0.00142699999999998
0.00142799999999998
0.00142899999999998
0.00142999999999998
0.00143099999999998
0.00143199999999998
0.00143299999999998
0.00143399999999998
0.00143499999999998
0.00143599999999998
0.00143699999999998
0.00143799999999998
0.00143899999999998
0.00143999999999998
0.00144099999999998
0.00144199999999998
0.00144299999999998
0.00144399999999998
0.00144499999999998
0.00144599999999998
0.00144699999999998
0.00144799999999998
0.00144899999999998
0.00144999999999998
0.00145099999999998
0.00145199999999998
0.00145299999999998
0.00145399999999998
0.00145499999999998
0.00145599999999998
0.00145699999999998
0.00145799999999998
0.00145899999999998
0.00145999999999998
0.00146099999999998
0.00146199999999998
0.00146299999999998
0.00146399999999998
0.00146499999999998
0.00146599999999998
0.00146699999999998
0.00146799999999998
0.00146899999999998
0.00146999999999998
0.00147099999999998
0.00147199999999998
0.00147299999999998
0.00147399999999998
0.00147499999999998
0.00147599999999998
0.00147699999999998
0.00147799999999997
0.00147899999999997
0.00147999999999997
0.00148099999999997
0.00148199999999997
0.00148299999999997
0.00148399999999997
0.00148499999999997
0.00148599999999997
0.00148699999999997
0.00148799999999997
0.00148899999999997
0.00148999999999997
0.00149099999999997
0.00149199999999997
0.00149299999999997
0.00149399999999997
0.00149499999999997
0.00149599999999997
0.00149699999999997
0.00149799999999997
0.00149899999999997
0.00149999999999997
0.00150099999999997
0.00150199999999997
0.00150299999999997
0.00150399999999997
0.00150499999999997
0.00150599999999997
0.00150699999999997
0.00150799999999997
0.00150899999999997
0.00150999999999997
0.00151099999999997
0.00151199999999997
0.00151299999999997
0.00151399999999997
0.00151499999999997
0.00151599999999997
0.00151699999999997
0.00151799999999997
0.00151899999999997
0.00151999999999997
0.00152099999999997
0.00152199999999997
0.00152299999999997
0.00152399999999997
0.00152499999999997
0.00152599999999997
0.00152699999999997
0.00152799999999997
0.00152899999999997
0.00152999999999997
0.00153099999999997
0.00153199999999997
0.00153299999999997
0.00153399999999997
0.00153499999999997
0.00153599999999997
0.00153699999999997
0.00153799999999997
0.00153899999999997
0.00153999999999997
0.00154099999999997
0.00154199999999997
0.00154299999999997
0.00154399999999997
0.00154499999999997
0.00154599999999997
0.00154699999999997
0.00154799999999997
0.00154899999999997
0.00154999999999997
0.00155099999999997
0.00155199999999997
0.00155299999999997
0.00155399999999997
0.00155499999999997
0.00155599999999997
0.00155699999999997
0.00155799999999997
0.00155899999999997
0.00155999999999997
0.00156099999999997
0.00156199999999997
0.00156299999999997
0.00156399999999997
0.00156499999999997
0.00156599999999997
0.00156699999999997
0.00156799999999997
0.00156899999999997
0.00156999999999997
0.00157099999999997
0.00157199999999997
0.00157299999999997
0.00157399999999997
0.00157499999999997
0.00157599999999997
0.00157699999999997
0.00157799999999997
0.00157899999999997
0.00157999999999997
0.00158099999999997
0.00158199999999997
0.00158299999999997
0.00158399999999997
0.00158499999999997
0.00158599999999997
0.00158699999999997
0.00158799999999997
0.00158899999999997
0.00158999999999997
0.00159099999999997
0.00159199999999997
0.00159299999999997
0.00159399999999997
0.00159499999999997
0.00159599999999997
0.00159699999999996
0.00159799999999996
0.00159899999999996
0.00159999999999996
0.00160099999999996
0.00160199999999996
0.00160299999999996
0.00160399999999996
0.00160499999999996
0.00160599999999996
0.00160699999999996
0.00160799999999996
0.00160899999999996
0.00160999999999996
0.00161099999999996
0.00161199999999996
0.00161299999999996
0.00161399999999996
0.00161499999999996
0.00161599999999996
0.00161699999999996
0.00161799999999996
0.00161899999999996
0.00161999999999996
0.00162099999999996
0.00162199999999996
0.00162299999999996
0.00162399999999996
0.00162499999999996
0.00162599999999996
0.00162699999999996
0.00162799999999996
0.00162899999999996
0.00162999999999996
0.00163099999999996
0.00163199999999996
0.00163299999999996
0.00163399999999996
0.00163499999999996
0.00163599999999996
0.00163699999999996
0.00163799999999996
0.00163899999999996
0.00163999999999996
0.00164099999999996
0.00164199999999996
0.00164299999999996
0.00164399999999996
0.00164499999999996
0.00164599999999996
0.00164699999999996
0.00164799999999996
0.00164899999999996
0.00164999999999996
0.00165099999999996
0.00165199999999996
0.00165299999999996
0.00165399999999996
0.00165499999999996
0.00165599999999996
0.00165699999999996
0.00165799999999996
0.00165899999999996
0.00165999999999996
0.00166099999999996
0.00166199999999996
0.00166299999999996
0.00166399999999996
0.00166499999999996
0.00166599999999996
0.00166699999999996
0.00166799999999996
0.00166899999999996
0.00166999999999996
0.00167099999999996
0.00167199999999996
0.00167299999999996
0.00167399999999996
0.00167499999999996
0.00167599999999996
0.00167699999999996
0.00167799999999996
0.00167899999999996
0.00167999999999996
0.00168099999999996
0.00168199999999996
0.00168299999999996
0.00168399999999996
0.00168499999999996
0.00168599999999996
0.00168699999999996
0.00168799999999996
0.00168899999999996
0.00168999999999996
0.00169099999999996
0.00169199999999996
0.00169299999999996
0.00169399999999996
0.00169499999999996
0.00169599999999996
0.00169699999999996
0.00169799999999996
0.00169899999999996
0.00169999999999996
0.00170099999999996
0.00170199999999996
0.00170299999999996
0.00170399999999996
0.00170499999999996
0.00170599999999996
0.00170699999999996
0.00170799999999996
0.00170899999999996
0.00170999999999996
0.00171099999999996
0.00171199999999996
0.00171299999999996
0.00171399999999996
0.00171499999999996
0.00171599999999995
0.00171699999999995
0.00171799999999995
0.00171899999999995
0.00171999999999995
0.00172099999999995
0.00172199999999995
0.00172299999999995
0.00172399999999995
0.00172499999999995
0.00172599999999995
0.00172699999999995
0.00172799999999995
0.00172899999999995
0.00172999999999995
0.00173099999999995
0.00173199999999995
0.00173299999999995
0.00173399999999995
0.00173499999999995
0.00173599999999995
0.00173699999999995
0.00173799999999995
0.00173899999999995
0.00173999999999995
0.00174099999999995
0.00174199999999995
0.00174299999999995
0.00174399999999995
0.00174499999999995
0.00174599999999995
0.00174699999999995
0.00174799999999995
0.00174899999999995
0.00174999999999995
0.00175099999999995
0.00175199999999995
0.00175299999999995
0.00175399999999995
0.00175499999999995
0.00175599999999995
0.00175699999999995
0.00175799999999995
0.00175899999999995
0.00175999999999995
0.00176099999999995
0.00176199999999995
0.00176299999999995
0.00176399999999995
0.00176499999999995
0.00176599999999995
0.00176699999999995
0.00176799999999995
0.00176899999999995
0.00176999999999995
0.00177099999999995
0.00177199999999995
0.00177299999999995
0.00177399999999995
0.00177499999999995
0.00177599999999995
0.00177699999999995
0.00177799999999995
0.00177899999999995
0.00177999999999995
0.00178099999999995
0.00178199999999995
0.00178299999999995
0.00178399999999995
0.00178499999999995
0.00178599999999995
0.00178699999999995
0.00178799999999995
0.00178899999999995
0.00178999999999995
0.00179099999999995
0.00179199999999995
0.00179299999999995
0.00179399999999995
0.00179499999999995
0.00179599999999995
0.00179699999999995
0.00179799999999995
0.00179899999999995
0.00179999999999995
0.00180099999999995
0.00180199999999995
0.00180299999999995
0.00180399999999995
0.00180499999999995
0.00180599999999995
0.00180699999999995
0.00180799999999995
0.00180899999999995
0.00180999999999995
0.00181099999999995
0.00181199999999995
0.00181299999999995
0.00181399999999995
0.00181499999999995
0.00181599999999995
0.00181699999999995
0.00181799999999995
0.00181899999999995
0.00181999999999995
0.00182099999999995
0.00182199999999995
0.00182299999999995
0.00182399999999995
0.00182499999999995
0.00182599999999995
0.00182699999999995
0.00182799999999995
0.00182899999999995
0.00182999999999995
0.00183099999999995
0.00183199999999995
0.00183299999999995
0.00183399999999995
0.00183499999999994
0.00183599999999994
0.00183699999999994
0.00183799999999994
0.00183899999999994
0.00183999999999994
0.00184099999999994
0.00184199999999994
0.00184299999999994
0.00184399999999994
0.00184499999999994
0.00184599999999994
0.00184699999999994
0.00184799999999994
0.00184899999999994
0.00184999999999994
0.00185099999999994
0.00185199999999994
0.00185299999999994
0.00185399999999994
0.00185499999999994
0.00185599999999994
0.00185699999999994
0.00185799999999994
0.00185899999999994
0.00185999999999994
0.00186099999999994
0.00186199999999994
0.00186299999999994
0.00186399999999994
0.00186499999999994
0.00186599999999994
0.00186699999999994
0.00186799999999994
0.00186899999999994
0.00186999999999994
0.00187099999999994
0.00187199999999994
0.00187299999999994
0.00187399999999994
0.00187499999999994
0.00187599999999994
0.00187699999999994
0.00187799999999994
0.00187899999999994
0.00187999999999994
0.00188099999999994
0.00188199999999994
0.00188299999999994
0.00188399999999994
0.00188499999999994
0.00188599999999994
0.00188699999999994
0.00188799999999994
0.00188899999999994
0.00188999999999994
0.00189099999999994
0.00189199999999994
0.00189299999999994
0.00189399999999994
0.00189499999999994
0.00189599999999994
0.00189699999999994
0.00189799999999994
0.00189899999999994
0.00189999999999994
0.00190099999999994
0.00190199999999994
0.00190299999999994
0.00190399999999994
0.00190499999999994
0.00190599999999994
0.00190699999999994
0.00190799999999994
0.00190899999999994
0.00190999999999994
0.00191099999999994
0.00191199999999994
0.00191299999999994
0.00191399999999994
0.00191499999999994
0.00191599999999994
0.00191699999999994
0.00191799999999994
0.00191899999999994
0.00191999999999994
0.00192099999999994
0.00192199999999994
0.00192299999999994
0.00192399999999994
0.00192499999999994
0.00192599999999994
0.00192699999999994
0.00192799999999994
0.00192899999999994
0.00192999999999994
0.00193099999999994
0.00193199999999994
0.00193299999999994
0.00193399999999994
0.00193499999999994
0.00193599999999994
0.00193699999999994
0.00193799999999994
0.00193899999999994
0.00193999999999994
0.00194099999999994
0.00194199999999994
0.00194299999999994
0.00194399999999994
0.00194499999999994
0.00194599999999994
0.00194699999999994
0.00194799999999994
0.00194899999999994
0.00194999999999994
0.00195099999999994
0.00195199999999994
0.00195299999999994
0.00195399999999993
0.00195499999999994
0.00195599999999994
0.00195699999999994
0.00195799999999994
0.00195899999999994
0.00195999999999994
0.00196099999999994
0.00196199999999994
0.00196299999999994
0.00196399999999994
0.00196499999999994
0.00196599999999994
0.00196699999999994
0.00196799999999994
0.00196899999999994
0.00196999999999994
0.00197099999999994
0.00197199999999994
0.00197299999999994
0.00197399999999994
0.00197499999999994
0.00197599999999994
0.00197699999999994
0.00197799999999994
0.00197899999999994
0.00197999999999994
0.00198099999999994
0.00198199999999994
0.00198299999999994
0.00198399999999994
0.00198499999999994
0.00198599999999994
0.00198699999999994
0.00198799999999994
0.00198899999999994
0.00198999999999994
0.00199099999999994
0.00199199999999994
0.00199299999999994
0.00199399999999994
0.00199499999999994
0.00199599999999994
0.00199699999999994
0.00199799999999994
0.00199899999999994
0.00199999999999994
0.00200099999999994
0.00200199999999994
0.00200299999999994
0.00200399999999994
0.00200499999999994
0.00200599999999994
0.00200699999999994
0.00200799999999994
0.00200899999999994
0.00200999999999994
0.00201099999999994
0.00201199999999994
0.00201299999999994
0.00201399999999994
0.00201499999999994
0.00201599999999994
0.00201699999999994
0.00201799999999994
0.00201899999999994
0.00201999999999994
0.00202099999999994
0.00202199999999994
0.00202299999999994
0.00202399999999994
0.00202499999999994
0.00202599999999994
0.00202699999999994
0.00202799999999994
0.00202899999999994
0.00202999999999995
0.00203099999999995
0.00203199999999995
0.00203299999999995
0.00203399999999995
0.00203499999999995
0.00203599999999995
0.00203699999999995
0.00203799999999995
0.00203899999999995
0.00203999999999995
0.00204099999999995
0.00204199999999995
0.00204299999999995
0.00204399999999995
0.00204499999999995
0.00204599999999995
0.00204699999999995
0.00204799999999995
0.00204899999999995
0.00204999999999995
0.00205099999999995
0.00205199999999995
0.00205299999999995
0.00205399999999995
0.00205499999999995
0.00205599999999995
0.00205699999999995
0.00205799999999995
0.00205899999999995
0.00205999999999995
0.00206099999999995
0.00206199999999995
0.00206299999999995
0.00206399999999995
0.00206499999999995
0.00206599999999995
0.00206699999999995
0.00206799999999995
0.00206899999999995
0.00206999999999995
0.00207099999999995
0.00207199999999995
0.00207299999999995
0.00207399999999995
0.00207499999999995
0.00207599999999995
0.00207699999999995
0.00207799999999995
0.00207899999999995
0.00207999999999995
0.00208099999999995
0.00208199999999995
0.00208299999999995
0.00208399999999995
0.00208499999999995
0.00208599999999995
0.00208699999999995
0.00208799999999995
0.00208899999999995
0.00208999999999995
0.00209099999999995
0.00209199999999995
0.00209299999999995
0.00209399999999995
0.00209499999999995
0.00209599999999995
0.00209699999999995
0.00209799999999995
0.00209899999999995
0.00209999999999995
0.00210099999999995
0.00210199999999995
0.00210299999999995
0.00210399999999995
0.00210499999999995
0.00210599999999996
0.00210699999999996
0.00210799999999996
0.00210899999999996
0.00210999999999996
0.00211099999999996
0.00211199999999996
0.00211299999999996
0.00211399999999996
0.00211499999999996
0.00211599999999996
0.00211699999999996
0.00211799999999996
0.00211899999999996
0.00211999999999996
0.00212099999999996
0.00212199999999996
0.00212299999999996
0.00212399999999996
0.00212499999999996
0.00212599999999996
0.00212699999999996
0.00212799999999996
0.00212899999999996
0.00212999999999996
0.00213099999999996
0.00213199999999996
0.00213299999999996
0.00213399999999996
0.00213499999999996
0.00213599999999996
0.00213699999999996
0.00213799999999996
0.00213899999999996
0.00213999999999996
0.00214099999999996
0.00214199999999996
0.00214299999999996
0.00214399999999996
0.00214499999999996
0.00214599999999996
0.00214699999999996
0.00214799999999996
0.00214899999999996
0.00214999999999996
0.00215099999999996
0.00215199999999996
0.00215299999999996
0.00215399999999996
0.00215499999999996
0.00215599999999996
0.00215699999999996
0.00215799999999996
0.00215899999999996
0.00215999999999996
0.00216099999999996
0.00216199999999996
0.00216299999999996
0.00216399999999996
0.00216499999999996
0.00216599999999996
0.00216699999999996
0.00216799999999996
0.00216899999999996
0.00216999999999996
0.00217099999999996
0.00217199999999996
0.00217299999999996
0.00217399999999996
0.00217499999999996
0.00217599999999996
0.00217699999999996
0.00217799999999996
0.00217899999999996
0.00217999999999996
0.00218099999999997
0.00218199999999997
0.00218299999999997
0.00218399999999997
0.00218499999999997
0.00218599999999997
0.00218699999999997
0.00218799999999997
0.00218899999999997
0.00218999999999997
0.00219099999999997
0.00219199999999997
0.00219299999999997
0.00219399999999997
0.00219499999999997
0.00219599999999997
0.00219699999999997
0.00219799999999997
0.00219899999999997
0.00219999999999997
0.00220099999999997
0.00220199999999997
0.00220299999999997
0.00220399999999997
0.00220499999999997
0.00220599999999997
0.00220699999999997
0.00220799999999997
0.00220899999999997
0.00220999999999997
0.00221099999999997
0.00221199999999997
0.00221299999999997
0.00221399999999997
0.00221499999999997
0.00221599999999997
0.00221699999999997
0.00221799999999997
0.00221899999999997
0.00221999999999997
0.00222099999999997
0.00222199999999997
0.00222299999999997
0.00222399999999997
0.00222499999999997
0.00222599999999997
0.00222699999999997
0.00222799999999997
0.00222899999999997
0.00222999999999997
0.00223099999999997
0.00223199999999997
0.00223299999999997
0.00223399999999997
0.00223499999999997
0.00223599999999997
0.00223699999999997
0.00223799999999997
0.00223899999999997
0.00223999999999997
0.00224099999999997
0.00224199999999997
0.00224299999999997
0.00224399999999997
0.00224499999999997
0.00224599999999997
0.00224699999999997
0.00224799999999997
0.00224899999999997
0.00224999999999997
0.00225099999999997
0.00225199999999997
0.00225299999999997
0.00225399999999997
0.00225499999999997
0.00225599999999998
0.00225699999999998
0.00225799999999998
0.00225899999999998
0.00225999999999998
0.00226099999999998
0.00226199999999998
0.00226299999999998
0.00226399999999998
0.00226499999999998
0.00226599999999998
0.00226699999999998
0.00226799999999998
0.00226899999999998
0.00226999999999998
0.00227099999999998
0.00227199999999998
0.00227299999999998
0.00227399999999998
0.00227499999999998
0.00227599999999998
0.00227699999999998
0.00227799999999998
0.00227899999999998
0.00227999999999998
0.00228099999999998
0.00228199999999998
0.00228299999999998
0.00228399999999998
0.00228499999999998
0.00228599999999998
0.00228699999999998
0.00228799999999998
0.00228899999999998
0.00228999999999998
0.00229099999999998
0.00229199999999998
0.00229299999999998
0.00229399999999998
0.00229499999999998
0.00229599999999998
0.00229699999999998
0.00229799999999998
0.00229899999999998
0.00229999999999998
0.00230099999999998
0.00230199999999998
0.00230299999999998
0.00230399999999998
0.00230499999999998
0.00230599999999998
0.00230699999999998
0.00230799999999998
0.00230899999999998
0.00230999999999998
0.00231099999999998
0.00231199999999998
0.00231299999999998
0.00231399999999998
0.00231499999999998
0.00231599999999998
0.00231699999999998
0.00231799999999998
0.00231899999999998
0.00231999999999998
0.00232099999999998
0.00232199999999998
0.00232299999999998
0.00232399999999998
0.00232499999999998
0.00232599999999998
0.00232699999999998
0.00232799999999998
0.00232899999999998
0.00232999999999998
0.00233099999999998
0.00233199999999999
0.00233299999999999
0.00233399999999999
0.00233499999999999
0.00233599999999999
0.00233699999999999
0.00233799999999999
0.00233899999999999
0.00233999999999999
0.00234099999999999
0.00234199999999999
0.00234299999999999
0.00234399999999999
0.00234499999999999
0.00234599999999999
0.00234699999999999
0.00234799999999999
0.00234899999999999
0.00234999999999999
0.00235099999999999
0.00235199999999999
0.00235299999999999
0.00235399999999999
0.00235499999999999
0.00235599999999999
0.00235699999999999
0.00235799999999999
0.00235899999999999
0.00235999999999999
0.00236099999999999
0.00236199999999999
0.00236299999999999
0.00236399999999999
0.00236499999999999
0.00236599999999999
0.00236699999999999
0.00236799999999999
0.00236899999999999
0.00236999999999999
0.00237099999999999
0.00237199999999999
0.00237299999999999
0.00237399999999999
0.00237499999999999
0.00237599999999999
0.00237699999999999
0.00237799999999999
0.00237899999999999
0.00237999999999999
0.00238099999999999
0.00238199999999999
0.00238299999999999
0.00238399999999999
0.00238499999999999
0.00238599999999999
0.00238699999999999
0.00238799999999999
0.00238899999999999
0.00238999999999999
0.00239099999999999
0.00239199999999999
0.00239299999999999
0.00239399999999999
0.00239499999999999
0.00239599999999999
0.00239699999999999
0.00239799999999999
0.00239899999999999
0.00239999999999999
0.00240099999999999
0.00240199999999999
0.00240299999999999
0.00240399999999999
0.00240499999999999
0.00240599999999999
0.002407
0.002408
0.002409
0.00241
0.002411
0.002412
0.002413
0.002414
0.002415
0.002416
0.002417
0.002418
0.002419
0.00242
0.002421
0.002422
0.002423
0.002424
0.002425
0.002426
0.002427
0.002428
0.002429
0.00243
0.002431
0.002432
0.002433
0.002434
0.002435
0.002436
0.002437
0.002438
0.002439
0.00244
0.002441
0.002442
0.002443
0.002444
0.002445
0.002446
0.002447
0.002448
0.002449
0.00245
0.002451
0.002452
0.002453
0.002454
0.002455
0.002456
0.002457
0.002458
0.002459
0.00246
0.002461
0.002462
0.002463
0.002464
0.002465
0.002466
0.002467
0.002468
0.002469
0.00247
0.002471
0.002472
0.002473
0.002474
0.002475
0.002476
0.002477
0.002478
0.002479
0.00248
0.002481
0.00248200000000001
0.00248300000000001
0.00248400000000001
0.00248500000000001
0.00248600000000001
0.00248700000000001
0.00248800000000001
0.00248900000000001
0.00249000000000001
0.00249100000000001
0.00249200000000001
0.00249300000000001
0.00249400000000001
0.00249500000000001
0.00249600000000001
0.00249700000000001
0.00249800000000001
0.00249900000000001
0.00250000000000001
0.00250100000000001
0.00250200000000001
0.00250300000000001
0.00250400000000001
0.00250500000000001
0.00250600000000001
0.00250700000000001
0.00250800000000001
0.00250900000000001
0.00251000000000001
0.00251100000000001
0.00251200000000001
0.00251300000000001
0.00251400000000001
0.00251500000000001
0.00251600000000001
0.00251700000000001
0.00251800000000001
0.00251900000000001
0.00252000000000001
0.00252100000000001
0.00252200000000001
0.00252300000000001
0.00252400000000001
0.00252500000000001
0.00252600000000001
0.00252700000000001
0.00252800000000001
0.00252900000000001
0.00253000000000001
0.00253100000000001
0.00253200000000001
0.00253300000000001
0.00253400000000001
0.00253500000000001
0.00253600000000001
0.00253700000000001
0.00253800000000001
0.00253900000000001
0.00254000000000001
0.00254100000000001
0.00254200000000001
0.00254300000000001
0.00254400000000001
0.00254500000000001
0.00254600000000001
0.00254700000000001
0.00254800000000001
0.00254900000000001
0.00255000000000001
0.00255100000000001
0.00255200000000001
0.00255300000000001
0.00255400000000001
0.00255500000000001
0.00255600000000001
0.00255700000000001
0.00255800000000002
0.00255900000000002
0.00256000000000002
0.00256100000000002
0.00256200000000002
0.00256300000000002
0.00256400000000002
0.00256500000000002
0.00256600000000002
0.00256700000000002
0.00256800000000002
0.00256900000000002
0.00257000000000002
0.00257100000000002
0.00257200000000002
0.00257300000000002
0.00257400000000002
0.00257500000000002
0.00257600000000002
0.00257700000000002
0.00257800000000002
0.00257900000000002
0.00258000000000002
0.00258100000000002
0.00258200000000002
0.00258300000000002
0.00258400000000002
0.00258500000000002
0.00258600000000002
0.00258700000000002
0.00258800000000002
0.00258900000000002
0.00259000000000002
0.00259100000000002
0.00259200000000002
0.00259300000000002
0.00259400000000002
0.00259500000000002
0.00259600000000002
0.00259700000000002
0.00259800000000002
0.00259900000000002
0.00260000000000002
0.00260100000000002
0.00260200000000002
0.00260300000000002
0.00260400000000002
0.00260500000000002
0.00260600000000002
0.00260700000000002
0.00260800000000002
0.00260900000000002
0.00261000000000002
0.00261100000000002
0.00261200000000002
0.00261300000000002
0.00261400000000002
0.00261500000000002
0.00261600000000002
0.00261700000000002
0.00261800000000002
0.00261900000000002
0.00262000000000002
0.00262100000000002
0.00262200000000002
0.00262300000000002
0.00262400000000002
0.00262500000000002
0.00262600000000002
0.00262700000000002
0.00262800000000002
0.00262900000000002
0.00263000000000002
0.00263100000000002
0.00263200000000002
0.00263300000000003
0.00263400000000003
0.00263500000000003
0.00263600000000003
0.00263700000000003
0.00263800000000003
0.00263900000000003
0.00264000000000003
0.00264100000000003
0.00264200000000003
0.00264300000000003
0.00264400000000003
0.00264500000000003
0.00264600000000003
0.00264700000000003
0.00264800000000003
0.00264900000000003
0.00265000000000003
0.00265100000000003
0.00265200000000003
0.00265300000000003
0.00265400000000003
0.00265500000000003
0.00265600000000003
0.00265700000000003
0.00265800000000003
0.00265900000000003
0.00266000000000003
0.00266100000000003
0.00266200000000003
0.00266300000000003
0.00266400000000003
0.00266500000000003
0.00266600000000003
0.00266700000000003
0.00266800000000003
0.00266900000000003
0.00267000000000003
0.00267100000000003
0.00267200000000003
0.00267300000000003
0.00267400000000003
0.00267500000000003
0.00267600000000003
0.00267700000000003
0.00267800000000003
0.00267900000000003
0.00268000000000003
0.00268100000000003
0.00268200000000003
0.00268300000000003
0.00268400000000003
0.00268500000000003
0.00268600000000003
0.00268700000000003
0.00268800000000003
0.00268900000000003
0.00269000000000003
0.00269100000000003
0.00269200000000003
0.00269300000000003
0.00269400000000003
0.00269500000000003
0.00269600000000003
0.00269700000000003
0.00269800000000003
0.00269900000000003
0.00270000000000003
0.00270100000000003
0.00270200000000003
0.00270300000000003
0.00270400000000003
0.00270500000000003
0.00270600000000003
0.00270700000000003
0.00270800000000004
0.00270900000000004
0.00271000000000004
0.00271100000000004
0.00271200000000004
0.00271300000000004
0.00271400000000004
0.00271500000000004
0.00271600000000004
0.00271700000000004
0.00271800000000004
0.00271900000000004
0.00272000000000004
0.00272100000000004
0.00272200000000004
0.00272300000000004
0.00272400000000004
0.00272500000000004
0.00272600000000004
0.00272700000000004
0.00272800000000004
0.00272900000000004
0.00273000000000004
0.00273100000000004
0.00273200000000004
0.00273300000000004
0.00273400000000004
0.00273500000000004
0.00273600000000004
0.00273700000000004
0.00273800000000004
0.00273900000000004
0.00274000000000004
0.00274100000000004
0.00274200000000004
0.00274300000000004
0.00274400000000004
0.00274500000000004
0.00274600000000004
0.00274700000000004
0.00274800000000004
0.00274900000000004
0.00275000000000004
0.00275100000000004
0.00275200000000004
0.00275300000000004
0.00275400000000004
0.00275500000000004
0.00275600000000004
0.00275700000000004
0.00275800000000004
0.00275900000000004
0.00276000000000004
0.00276100000000004
0.00276200000000004
0.00276300000000004
0.00276400000000004
0.00276500000000004
0.00276600000000004
0.00276700000000004
0.00276800000000004
0.00276900000000004
0.00277000000000004
0.00277100000000004
0.00277200000000004
0.00277300000000004
0.00277400000000004
0.00277500000000004
0.00277600000000004
0.00277700000000004
0.00277800000000004
0.00277900000000004
0.00278000000000004
0.00278100000000004
0.00278200000000004
0.00278300000000004
0.00278400000000005
0.00278500000000005
0.00278600000000005
0.00278700000000005
0.00278800000000005
0.00278900000000005
0.00279000000000005
0.00279100000000005
0.00279200000000005
0.00279300000000005
0.00279400000000005
0.00279500000000005
0.00279600000000005
0.00279700000000005
0.00279800000000005
0.00279900000000005
0.00280000000000005
0.00280100000000005
0.00280200000000005
0.00280300000000005
0.00280400000000005
0.00280500000000005
0.00280600000000005
0.00280700000000005
0.00280800000000005
0.00280900000000005
0.00281000000000005
0.00281100000000005
0.00281200000000005
0.00281300000000005
0.00281400000000005
0.00281500000000005
0.00281600000000005
0.00281700000000005
0.00281800000000005
0.00281900000000005
0.00282000000000005
0.00282100000000005
0.00282200000000005
0.00282300000000005
0.00282400000000005
0.00282500000000005
0.00282600000000005
0.00282700000000005
0.00282800000000005
0.00282900000000005
0.00283000000000005
0.00283100000000005
0.00283200000000005
0.00283300000000005
0.00283400000000005
0.00283500000000005
0.00283600000000005
0.00283700000000005
0.00283800000000005
0.00283900000000005
0.00284000000000005
0.00284100000000005
0.00284200000000005
0.00284300000000005
0.00284400000000005
0.00284500000000005
0.00284600000000005
0.00284700000000005
0.00284800000000005
0.00284900000000005
0.00285000000000005
0.00285100000000005
0.00285200000000005
0.00285300000000005
0.00285400000000005
0.00285500000000005
0.00285600000000005
0.00285700000000005
0.00285800000000005
0.00285900000000006
0.00286000000000006
0.00286100000000006
0.00286200000000006
0.00286300000000006
0.00286400000000006
0.00286500000000006
0.00286600000000006
0.00286700000000006
0.00286800000000006
0.00286900000000006
0.00287000000000006
0.00287100000000006
0.00287200000000006
0.00287300000000006
0.00287400000000006
0.00287500000000006
0.00287600000000006
0.00287700000000006
0.00287800000000006
0.00287900000000006
0.00288000000000006
0.00288100000000006
0.00288200000000006
0.00288300000000006
0.00288400000000006
0.00288500000000006
0.00288600000000006
0.00288700000000006
0.00288800000000006
0.00288900000000006
0.00289000000000006
0.00289100000000006
0.00289200000000006
0.00289300000000006
0.00289400000000006
0.00289500000000006
0.00289600000000006
0.00289700000000006
0.00289800000000006
0.00289900000000006
0.00290000000000006
0.00290100000000006
0.00290200000000006
0.00290300000000006
0.00290400000000006
0.00290500000000006
0.00290600000000006
0.00290700000000006
0.00290800000000006
0.00290900000000006
0.00291000000000006
0.00291100000000006
0.00291200000000006
0.00291300000000006
0.00291400000000006
0.00291500000000006
0.00291600000000006
0.00291700000000006
0.00291800000000006
0.00291900000000006
0.00292000000000006
0.00292100000000006
0.00292200000000006
0.00292300000000006
0.00292400000000006
0.00292500000000006
0.00292600000000006
0.00292700000000006
0.00292800000000006
0.00292900000000006
0.00293000000000006
0.00293100000000006
0.00293200000000006
0.00293300000000006
0.00293400000000007
0.00293500000000007
0.00293600000000007
0.00293700000000007
0.00293800000000007
0.00293900000000007
0.00294000000000007
0.00294100000000007
0.00294200000000007
0.00294300000000007
0.00294400000000007
0.00294500000000007
0.00294600000000007
0.00294700000000007
0.00294800000000007
0.00294900000000007
0.00295000000000007
0.00295100000000007
0.00295200000000007
0.00295300000000007
0.00295400000000007
0.00295500000000007
0.00295600000000007
0.00295700000000007
0.00295800000000007
0.00295900000000007
0.00296000000000007
0.00296100000000007
0.00296200000000007
0.00296300000000007
0.00296400000000007
0.00296500000000007
0.00296600000000007
0.00296700000000007
0.00296800000000007
0.00296900000000007
0.00297000000000007
0.00297100000000007
0.00297200000000007
0.00297300000000007
0.00297400000000007
0.00297500000000007
0.00297600000000007
0.00297700000000007
0.00297800000000007
0.00297900000000007
0.00298000000000007
0.00298100000000007
0.00298200000000007
0.00298300000000007
0.00298400000000007
0.00298500000000007
0.00298600000000007
0.00298700000000007
0.00298800000000007
0.00298900000000007
0.00299000000000007
0.00299100000000007
0.00299200000000007
0.00299300000000007
0.00299400000000007
0.00299500000000007
0.00299600000000007
0.00299700000000007
0.00299800000000007
0.00299900000000007
0.00300000000000007
0.00300100000000007
0.00300200000000007
0.00300300000000007
0.00300400000000007
0.00300500000000007
0.00300600000000007
0.00300700000000007
0.00300800000000007
0.00300900000000007
0.00301000000000008
0.00301100000000008
0.00301200000000008
0.00301300000000008
0.00301400000000008
0.00301500000000008
0.00301600000000008
0.00301700000000008
0.00301800000000008
0.00301900000000008
0.00302000000000008
0.00302100000000008
0.00302200000000008
0.00302300000000008
0.00302400000000008
0.00302500000000008
0.00302600000000008
0.00302700000000008
0.00302800000000008
0.00302900000000008
0.00303000000000008
0.00303100000000008
0.00303200000000008
0.00303300000000008
0.00303400000000008
0.00303500000000008
0.00303600000000008
0.00303700000000008
0.00303800000000008
0.00303900000000008
0.00304000000000008
0.00304100000000008
0.00304200000000008
0.00304300000000008
0.00304400000000008
0.00304500000000008
0.00304600000000008
0.00304700000000008
0.00304800000000008
0.00304900000000008
0.00305000000000008
0.00305100000000008
0.00305200000000008
0.00305300000000008
0.00305400000000008
0.00305500000000008
0.00305600000000008
0.00305700000000008
0.00305800000000008
0.00305900000000008
0.00306000000000008
0.00306100000000008
0.00306200000000008
0.00306300000000008
0.00306400000000008
0.00306500000000008
0.00306600000000008
0.00306700000000008
0.00306800000000008
0.00306900000000008
0.00307000000000008
0.00307100000000008
0.00307200000000008
0.00307300000000008
0.00307400000000008
0.00307500000000008
0.00307600000000008
0.00307700000000008
0.00307800000000008
0.00307900000000008
0.00308000000000008
0.00308100000000008
0.00308200000000008
0.00308300000000008
0.00308400000000008
0.00308500000000009
0.00308600000000009
0.00308700000000009
0.00308800000000009
0.00308900000000009
0.00309000000000009
0.00309100000000009
0.00309200000000009
0.00309300000000009
0.00309400000000009
0.00309500000000009
0.00309600000000009
0.00309700000000009
0.00309800000000009
0.00309900000000009
0.00310000000000009
0.00310100000000009
0.00310200000000009
0.00310300000000009
0.00310400000000009
0.00310500000000009
0.00310600000000009
0.00310700000000009
0.00310800000000009
0.00310900000000009
0.00311000000000009
0.00311100000000009
0.00311200000000009
0.00311300000000009
0.00311400000000009
0.00311500000000009
0.00311600000000009
0.00311700000000009
0.00311800000000009
0.00311900000000009
0.00312000000000009
0.00312100000000009
0.00312200000000009
0.00312300000000009
0.00312400000000009
0.00312500000000009
0.00312600000000009
0.00312700000000009
0.00312800000000009
0.00312900000000009
0.00313000000000009
0.00313100000000009
0.00313200000000009
0.00313300000000009
0.00313400000000009
0.00313500000000009
0.00313600000000009
0.00313700000000009
0.00313800000000009
0.00313900000000009
0.00314000000000009
0.00314100000000009
0.00314200000000009
0.00314300000000009
0.00314400000000009
0.00314500000000009
0.00314600000000009
0.00314700000000009
0.00314800000000009
0.00314900000000009
0.00315000000000009
0.00315100000000009
0.00315200000000009
0.00315300000000009
0.00315400000000009
0.00315500000000009
0.00315600000000009
0.00315700000000009
0.00315800000000009
0.00315900000000009
0.0031600000000001
0.0031610000000001
0.0031620000000001
0.0031630000000001
0.0031640000000001
0.0031650000000001
0.0031660000000001
0.0031670000000001
0.0031680000000001
0.0031690000000001
0.0031700000000001
0.0031710000000001
0.0031720000000001
0.0031730000000001
0.0031740000000001
0.0031750000000001
0.0031760000000001
0.0031770000000001
0.0031780000000001
0.0031790000000001
0.0031800000000001
0.0031810000000001
0.0031820000000001
0.0031830000000001
0.0031840000000001
0.0031850000000001
0.0031860000000001
0.0031870000000001
0.0031880000000001
0.0031890000000001
0.0031900000000001
0.0031910000000001
0.0031920000000001
0.0031930000000001
0.0031940000000001
0.0031950000000001
0.0031960000000001
0.0031970000000001
0.0031980000000001
0.0031990000000001
0.0032000000000001
0.0032010000000001
0.0032020000000001
0.0032030000000001
0.0032040000000001
0.0032050000000001
0.0032060000000001
0.0032070000000001
0.0032080000000001
0.0032090000000001
0.0032100000000001
0.0032110000000001
0.0032120000000001
0.0032130000000001
0.0032140000000001
0.0032150000000001
0.0032160000000001
0.0032170000000001
0.0032180000000001
0.0032190000000001
0.0032200000000001
0.0032210000000001
0.0032220000000001
0.0032230000000001
0.0032240000000001
0.0032250000000001
0.0032260000000001
0.0032270000000001
0.0032280000000001
0.0032290000000001
0.0032300000000001
0.0032310000000001
0.0032320000000001
0.0032330000000001
0.0032340000000001
0.0032350000000001
0.00323600000000011
0.00323700000000011
0.00323800000000011
0.00323900000000011
0.00324000000000011
0.00324100000000011
0.00324200000000011
0.00324300000000011
0.00324400000000011
0.00324500000000011
0.00324600000000011
0.00324700000000011
0.00324800000000011
0.00324900000000011
0.00325000000000011
0.00325100000000011
0.00325200000000011
0.00325300000000011
0.00325400000000011
0.00325500000000011
0.00325600000000011
0.00325700000000011
0.00325800000000011
0.00325900000000011
0.00326000000000011
0.00326100000000011
0.00326200000000011
0.00326300000000011
0.00326400000000011
0.00326500000000011
0.00326600000000011
0.00326700000000011
0.00326800000000011
0.00326900000000011
0.00327000000000011
0.00327100000000011
0.00327200000000011
0.00327300000000011
0.00327400000000011
0.00327500000000011
0.00327600000000011
0.00327700000000011
0.00327800000000011
0.00327900000000011
0.00328000000000011
0.00328100000000011
0.00328200000000011
0.00328300000000011
0.00328400000000011
0.00328500000000011
0.00328600000000011
0.00328700000000011
0.00328800000000011
0.00328900000000011
0.00329000000000011
0.00329100000000011
0.00329200000000011
0.00329300000000011
0.00329400000000011
0.00329500000000011
0.00329600000000011
0.00329700000000011
0.00329800000000011
0.00329900000000011
0.00330000000000011
0.00330100000000011
0.00330200000000011
0.00330300000000011
0.00330400000000011
0.00330500000000011
0.00330600000000011
0.00330700000000011
0.00330800000000011
0.00330900000000011
0.00331000000000011
0.00331100000000012
0.00331200000000012
0.00331300000000012
0.00331400000000012
0.00331500000000012
0.00331600000000012
0.00331700000000012
0.00331800000000012
0.00331900000000012
0.00332000000000012
0.00332100000000012
0.00332200000000012
0.00332300000000012
0.00332400000000012
0.00332500000000012
0.00332600000000012
0.00332700000000012
0.00332800000000012
0.00332900000000012
0.00333000000000012
0.00333100000000012
0.00333200000000012
0.00333300000000012
0.00333400000000012
0.00333500000000012
0.00333600000000012
0.00333700000000012
0.00333800000000012
0.00333900000000012
0.00334000000000012
0.00334100000000012
0.00334200000000012
0.00334300000000012
0.00334400000000012
0.00334500000000012
0.00334600000000012
0.00334700000000012
0.00334800000000012
0.00334900000000012
0.00335000000000012
0.00335100000000012
0.00335200000000012
0.00335300000000012
0.00335400000000012
0.00335500000000012
0.00335600000000012
0.00335700000000012
0.00335800000000012
0.00335900000000012
0.00336000000000012
0.00336100000000012
0.00336200000000012
0.00336300000000012
0.00336400000000012
0.00336500000000012
0.00336600000000012
0.00336700000000012
0.00336800000000012
0.00336900000000012
0.00337000000000012
0.00337100000000012
0.00337200000000012
0.00337300000000012
0.00337400000000012
0.00337500000000012
0.00337600000000012
0.00337700000000012
0.00337800000000012
0.00337900000000012
0.00338000000000012
0.00338100000000012
0.00338200000000012
0.00338300000000012
0.00338400000000012
0.00338500000000012
0.00338600000000013
0.00338700000000013
0.00338800000000013
0.00338900000000013
0.00339000000000013
0.00339100000000013
0.00339200000000013
0.00339300000000013
0.00339400000000013
0.00339500000000013
0.00339600000000013
0.00339700000000013
0.00339800000000013
0.00339900000000013
0.00340000000000013
0.00340100000000013
0.00340200000000013
0.00340300000000013
0.00340400000000013
0.00340500000000013
0.00340600000000013
0.00340700000000013
0.00340800000000013
0.00340900000000013
0.00341000000000013
0.00341100000000013
0.00341200000000013
0.00341300000000013
0.00341400000000013
0.00341500000000013
0.00341600000000013
0.00341700000000013
0.00341800000000013
0.00341900000000013
0.00342000000000013
0.00342100000000013
0.00342200000000013
0.00342300000000013
0.00342400000000013
0.00342500000000013
0.00342600000000013
0.00342700000000013
0.00342800000000013
0.00342900000000013
0.00343000000000013
0.00343100000000013
0.00343200000000013
0.00343300000000013
0.00343400000000013
0.00343500000000013
0.00343600000000013
0.00343700000000013
0.00343800000000013
0.00343900000000013
0.00344000000000013
0.00344100000000013
0.00344200000000013
0.00344300000000013
0.00344400000000013
0.00344500000000013
0.00344600000000013
0.00344700000000013
0.00344800000000013
0.00344900000000013
0.00345000000000013
0.00345100000000013
0.00345200000000013
0.00345300000000013
0.00345400000000013
0.00345500000000013
0.00345600000000013
0.00345700000000013
0.00345800000000013
0.00345900000000013
0.00346000000000013
0.00346100000000013
0.00346200000000014
0.00346300000000014
0.00346400000000014
0.00346500000000014
0.00346600000000014
0.00346700000000014
0.00346800000000014
0.00346900000000014
0.00347000000000014
0.00347100000000014
0.00347200000000014
0.00347300000000014
0.00347400000000014
0.00347500000000014
0.00347600000000014
0.00347700000000014
0.00347800000000014
0.00347900000000014
0.00348000000000014
0.00348100000000014
0.00348200000000014
0.00348300000000014
0.00348400000000014
0.00348500000000014
0.00348600000000014
0.00348700000000014
0.00348800000000014
0.00348900000000014
0.00349000000000014
0.00349100000000014
0.00349200000000014
0.00349300000000014
0.00349400000000014
0.00349500000000014
0.00349600000000014
0.00349700000000014
0.00349800000000014
0.00349900000000014
0.00350000000000014
0.00350100000000014
0.00350200000000014
0.00350300000000014
0.00350400000000014
0.00350500000000014
0.00350600000000014
0.00350700000000014
0.00350800000000014
0.00350900000000014
0.00351000000000014
0.00351100000000014
0.00351200000000014
0.00351300000000014
0.00351400000000014
0.00351500000000014
0.00351600000000014
0.00351700000000014
0.00351800000000014
0.00351900000000014
0.00352000000000014
0.00352100000000014
0.00352200000000014
0.00352300000000014
0.00352400000000014
0.00352500000000014
0.00352600000000014
0.00352700000000014
0.00352800000000014
0.00352900000000014
0.00353000000000014
0.00353100000000014
0.00353200000000014
0.00353300000000014
0.00353400000000014
0.00353500000000014
0.00353600000000014
0.00353700000000015
0.00353800000000015
0.00353900000000015
0.00354000000000015
0.00354100000000015
0.00354200000000015
0.00354300000000015
0.00354400000000015
0.00354500000000015
0.00354600000000015
0.00354700000000015
0.00354800000000015
0.00354900000000015
0.00355000000000015
0.00355100000000015
0.00355200000000015
0.00355300000000015
0.00355400000000015
0.00355500000000015
0.00355600000000015
0.00355700000000015
0.00355800000000015
0.00355900000000015
0.00356000000000015
0.00356100000000015
0.00356200000000015
0.00356300000000015
0.00356400000000015
0.00356500000000015
0.00356600000000015
0.00356700000000015
0.00356800000000015
0.00356900000000015
0.00357000000000015
0.00357100000000015
0.00357200000000015
0.00357300000000015
0.00357400000000015
0.00357500000000015
0.00357600000000015
0.00357700000000015
0.00357800000000015
0.00357900000000015
0.00358000000000015
0.00358100000000015
0.00358200000000015
0.00358300000000015
0.00358400000000015
0.00358500000000015
0.00358600000000015
0.00358700000000015
0.00358800000000015
0.00358900000000015
0.00359000000000015
0.00359100000000015
0.00359200000000015
0.00359300000000015
0.00359400000000015
0.00359500000000015
0.00359600000000015
0.00359700000000015
0.00359800000000015
0.00359900000000015
0.00360000000000015
0.00360100000000015
0.00360200000000015
0.00360300000000015
0.00360400000000015
0.00360500000000015
0.00360600000000015
0.00360700000000015
0.00360800000000015
0.00360900000000015
0.00361000000000015
0.00361100000000015
0.00361200000000016
0.00361300000000016
0.00361400000000016
0.00361500000000016
0.00361600000000016
0.00361700000000016
0.00361800000000016
0.00361900000000016
0.00362000000000016
0.00362100000000016
0.00362200000000016
0.00362300000000016
0.00362400000000016
0.00362500000000016
0.00362600000000016
0.00362700000000016
0.00362800000000016
0.00362900000000016
0.00363000000000016
0.00363100000000016
0.00363200000000016
0.00363300000000016
0.00363400000000016
0.00363500000000016
0.00363600000000016
0.00363700000000016
0.00363800000000016
0.00363900000000016
0.00364000000000016
0.00364100000000016
0.00364200000000016
0.00364300000000016
0.00364400000000016
0.00364500000000016
0.00364600000000016
0.00364700000000016
0.00364800000000016
0.00364900000000016
0.00365000000000016
0.00365100000000016
0.00365200000000016
0.00365300000000016
0.00365400000000016
0.00365500000000016
0.00365600000000016
0.00365700000000016
0.00365800000000016
0.00365900000000016
0.00366000000000016
0.00366100000000016
0.00366200000000016
0.00366300000000016
0.00366400000000016
0.00366500000000016
0.00366600000000016
0.00366700000000016
0.00366800000000016
0.00366900000000016
0.00367000000000016
0.00367100000000016
0.00367200000000016
0.00367300000000016
0.00367400000000016
0.00367500000000016
0.00367600000000016
0.00367700000000016
0.00367800000000016
0.00367900000000016
0.00368000000000016
0.00368100000000016
0.00368200000000016
0.00368300000000016
0.00368400000000016
0.00368500000000016
0.00368600000000016
0.00368700000000016
0.00368800000000017
0.00368900000000017
0.00369000000000017
0.00369100000000017
0.00369200000000017
0.00369300000000017
0.00369400000000017
0.00369500000000017
0.00369600000000017
0.00369700000000017
0.00369800000000017
0.00369900000000017
0.00370000000000017
0.00370100000000017
0.00370200000000017
0.00370300000000017
0.00370400000000017
0.00370500000000017
0.00370600000000017
0.00370700000000017
0.00370800000000017
0.00370900000000017
0.00371000000000017
0.00371100000000017
0.00371200000000017
0.00371300000000017
0.00371400000000017
0.00371500000000017
0.00371600000000017
0.00371700000000017
0.00371800000000017
0.00371900000000017
0.00372000000000017
0.00372100000000017
0.00372200000000017
0.00372300000000017
0.00372400000000017
0.00372500000000017
0.00372600000000017
0.00372700000000017
0.00372800000000017
0.00372900000000017
0.00373000000000017
0.00373100000000017
0.00373200000000017
0.00373300000000017
0.00373400000000017
0.00373500000000017
0.00373600000000017
0.00373700000000017
0.00373800000000017
0.00373900000000017
0.00374000000000017
0.00374100000000017
0.00374200000000017
0.00374300000000017
0.00374400000000017
0.00374500000000017
0.00374600000000017
0.00374700000000017
0.00374800000000017
0.00374900000000017
0.00375000000000017
0.00375100000000017
0.00375200000000017
0.00375300000000017
0.00375400000000017
0.00375500000000017
0.00375600000000017
0.00375700000000017
0.00375800000000017
0.00375900000000017
0.00376000000000017
0.00376100000000017
0.00376200000000017
0.00376300000000018
0.00376400000000018
0.00376500000000018
0.00376600000000018
0.00376700000000018
0.00376800000000018
0.00376900000000018
0.00377000000000018
0.00377100000000018
0.00377200000000018
0.00377300000000018
0.00377400000000018
0.00377500000000018
0.00377600000000018
0.00377700000000018
0.00377800000000018
0.00377900000000018
0.00378000000000018
0.00378100000000018
0.00378200000000018
0.00378300000000018
0.00378400000000018
0.00378500000000018
0.00378600000000018
0.00378700000000018
0.00378800000000018
0.00378900000000018
0.00379000000000018
0.00379100000000018
0.00379200000000018
0.00379300000000018
0.00379400000000018
0.00379500000000018
0.00379600000000018
0.00379700000000018
0.00379800000000018
0.00379900000000018
0.00380000000000018
0.00380100000000018
0.00380200000000018
0.00380300000000018
0.00380400000000018
0.00380500000000018
0.00380600000000018
0.00380700000000018
0.00380800000000018
0.00380900000000018
0.00381000000000018
0.00381100000000018
0.00381200000000018
0.00381300000000018
0.00381400000000018
0.00381500000000018
0.00381600000000018
0.00381700000000018
0.00381800000000018
0.00381900000000018
0.00382000000000018
0.00382100000000018
0.00382200000000018
0.00382300000000018
0.00382400000000018
0.00382500000000018
0.00382600000000018
0.00382700000000018
0.00382800000000018
0.00382900000000018
0.00383000000000018
0.00383100000000018
0.00383200000000018
0.00383300000000018
0.00383400000000018
0.00383500000000018
0.00383600000000018
0.00383700000000018
0.00383800000000019
0.00383900000000019
0.00384000000000019
0.00384100000000019
0.00384200000000019
0.00384300000000019
0.00384400000000019
0.00384500000000019
0.00384600000000019
0.00384700000000019
0.00384800000000019
0.00384900000000019
0.00385000000000019
0.00385100000000019
0.00385200000000019
0.00385300000000019
0.00385400000000019
0.00385500000000019
0.00385600000000019
0.00385700000000019
0.00385800000000019
0.00385900000000019
0.00386000000000019
0.00386100000000019
0.00386200000000019
0.00386300000000019
0.00386400000000019
0.00386500000000019
0.00386600000000019
0.00386700000000019
0.00386800000000019
0.00386900000000019
0.00387000000000019
0.00387100000000019
0.00387200000000019
0.00387300000000019
0.00387400000000019
0.00387500000000019
0.00387600000000019
0.00387700000000019
0.00387800000000019
0.00387900000000019
0.00388000000000019
0.00388100000000019
0.00388200000000019
0.00388300000000019
0.00388400000000019
0.00388500000000019
0.00388600000000019
0.00388700000000019
0.00388800000000019
0.00388900000000019
0.00389000000000019
0.00389100000000019
0.00389200000000019
0.00389300000000019
0.00389400000000019
0.00389500000000019
0.00389600000000019
0.00389700000000019
0.00389800000000019
0.00389900000000019
0.00390000000000019
0.00390100000000019
0.00390200000000019
0.00390300000000019
0.00390400000000019
0.00390500000000019
0.00390600000000019
0.00390700000000019
0.00390800000000019
0.00390900000000019
0.00391000000000019
0.00391100000000019
0.00391200000000019
0.00391300000000019
0.0039140000000002
0.0039150000000002
0.0039160000000002
0.0039170000000002
0.0039180000000002
0.0039190000000002
0.0039200000000002
0.0039210000000002
0.0039220000000002
0.0039230000000002
0.0039240000000002
0.0039250000000002
0.0039260000000002
0.0039270000000002
0.0039280000000002
0.0039290000000002
0.0039300000000002
0.0039310000000002
0.0039320000000002
0.0039330000000002
0.0039340000000002
0.0039350000000002
0.0039360000000002
0.0039370000000002
0.0039380000000002
0.0039390000000002
0.0039400000000002
0.0039410000000002
0.0039420000000002
0.0039430000000002
0.0039440000000002
0.0039450000000002
0.0039460000000002
0.0039470000000002
0.0039480000000002
0.0039490000000002
0.0039500000000002
0.0039510000000002
0.0039520000000002
0.0039530000000002
0.0039540000000002
0.0039550000000002
0.0039560000000002
0.0039570000000002
0.0039580000000002
0.0039590000000002
0.0039600000000002
0.0039610000000002
0.0039620000000002
0.0039630000000002
0.0039640000000002
0.0039650000000002
0.0039660000000002
0.0039670000000002
0.0039680000000002
0.0039690000000002
0.0039700000000002
0.0039710000000002
0.0039720000000002
0.0039730000000002
0.0039740000000002
0.0039750000000002
0.0039760000000002
0.0039770000000002
0.0039780000000002
0.0039790000000002
0.0039800000000002
0.0039810000000002
0.0039820000000002
0.0039830000000002
0.0039840000000002
0.0039850000000002
0.0039860000000002
0.0039870000000002
0.0039880000000002
0.00398900000000021
0.00399000000000021
0.00399100000000021
0.00399200000000021
0.00399300000000021
0.00399400000000021
0.00399500000000021
0.00399600000000021
0.00399700000000021
0.00399800000000021
0.00399900000000021
0.00400000000000021
0.00400100000000021
0.00400200000000021
0.00400300000000021
0.00400400000000021
0.00400500000000021
0.00400600000000021
0.00400700000000021
0.00400800000000021
0.00400900000000021
0.00401000000000021
0.00401100000000021
0.00401200000000021
0.00401300000000021
0.00401400000000021
0.00401500000000021
0.00401600000000021
0.00401700000000021
0.00401800000000021
0.00401900000000021
0.00402000000000021
0.00402100000000021
0.00402200000000021
0.00402300000000021
0.00402400000000021
0.00402500000000021
0.00402600000000021
0.00402700000000021
0.00402800000000021
0.00402900000000021
0.00403000000000021
0.00403100000000021
0.00403200000000021
0.00403300000000021
0.00403400000000021
0.00403500000000021
0.00403600000000021
0.00403700000000021
0.00403800000000021
0.00403900000000021
0.00404000000000021
0.00404100000000021
0.00404200000000021
0.00404300000000021
0.00404400000000021
0.00404500000000021
0.00404600000000021
0.00404700000000021
0.00404800000000021
0.00404900000000021
0.00405000000000021
0.00405100000000021
0.00405200000000021
0.00405300000000021
0.00405400000000021
0.00405500000000021
0.00405600000000021
0.00405700000000021
0.00405800000000021
0.00405900000000021
0.00406000000000021
0.00406100000000021
0.00406200000000021
0.00406300000000021
0.00406400000000022
0.00406500000000022
0.00406600000000022
0.00406700000000022
0.00406800000000022
0.00406900000000022
0.00407000000000022
0.00407100000000022
0.00407200000000022
0.00407300000000022
0.00407400000000022
0.00407500000000022
0.00407600000000022
0.00407700000000022
0.00407800000000022
0.00407900000000022
0.00408000000000022
0.00408100000000022
0.00408200000000022
0.00408300000000022
0.00408400000000022
0.00408500000000022
0.00408600000000022
0.00408700000000022
0.00408800000000022
0.00408900000000022
0.00409000000000022
0.00409100000000022
0.00409200000000022
0.00409300000000022
0.00409400000000022
0.00409500000000022
0.00409600000000022
0.00409700000000022
0.00409800000000022
0.00409900000000022
0.00410000000000022
0.00410100000000022
0.00410200000000022
0.00410300000000022
0.00410400000000022
0.00410500000000022
0.00410600000000022
0.00410700000000022
0.00410800000000022
0.00410900000000022
0.00411000000000022
0.00411100000000022
0.00411200000000022
0.00411300000000022
0.00411400000000022
0.00411500000000022
0.00411600000000022
0.00411700000000022
0.00411800000000022
0.00411900000000022
0.00412000000000022
0.00412100000000022
0.00412200000000022
0.00412300000000022
0.00412400000000022
0.00412500000000022
0.00412600000000022
0.00412700000000022
0.00412800000000022
0.00412900000000022
0.00413000000000022
0.00413100000000022
0.00413200000000022
0.00413300000000022
0.00413400000000022
0.00413500000000022
0.00413600000000022
0.00413700000000022
0.00413800000000022
0.00413900000000022
0.00414000000000023
0.00414100000000023
0.00414200000000023
0.00414300000000023
0.00414400000000023
0.00414500000000023
0.00414600000000023
0.00414700000000023
0.00414800000000023
0.00414900000000023
0.00415000000000023
0.00415100000000023
0.00415200000000023
0.00415300000000023
0.00415400000000023
0.00415500000000023
0.00415600000000023
0.00415700000000023
0.00415800000000023
0.00415900000000023
0.00416000000000023
0.00416100000000023
0.00416200000000023
0.00416300000000023
0.00416400000000023
0.00416500000000023
0.00416600000000023
0.00416700000000023
0.00416800000000023
0.00416900000000023
0.00417000000000023
0.00417100000000023
0.00417200000000023
0.00417300000000023
0.00417400000000023
0.00417500000000023
0.00417600000000023
0.00417700000000023
0.00417800000000023
0.00417900000000023
0.00418000000000023
0.00418100000000023
0.00418200000000023
0.00418300000000023
0.00418400000000023
0.00418500000000023
0.00418600000000023
0.00418700000000023
0.00418800000000023
0.00418900000000023
0.00419000000000023
0.00419100000000023
0.00419200000000023
0.00419300000000023
0.00419400000000023
0.00419500000000023
0.00419600000000023
0.00419700000000023
0.00419800000000023
0.00419900000000023
0.00420000000000023
0.00420100000000023
0.00420200000000023
0.00420300000000023
0.00420400000000023
0.00420500000000023
0.00420600000000023
0.00420700000000023
0.00420800000000023
0.00420900000000023
0.00421000000000023
0.00421100000000023
0.00421200000000023
0.00421300000000023
0.00421400000000023
0.00421500000000024
0.00421600000000024
0.00421700000000024
0.00421800000000024
0.00421900000000024
0.00422000000000024
0.00422100000000024
0.00422200000000024
0.00422300000000024
0.00422400000000024
0.00422500000000024
0.00422600000000024
0.00422700000000024
0.00422800000000024
0.00422900000000024
0.00423000000000024
0.00423100000000024
0.00423200000000024
0.00423300000000024
0.00423400000000024
0.00423500000000024
0.00423600000000024
0.00423700000000024
0.00423800000000024
0.00423900000000024
0.00424000000000024
0.00424100000000024
0.00424200000000024
0.00424300000000024
0.00424400000000024
0.00424500000000024
0.00424600000000024
0.00424700000000024
0.00424800000000024
0.00424900000000024
0.00425000000000024
0.00425100000000024
0.00425200000000024
0.00425300000000024
0.00425400000000024
0.00425500000000024
0.00425600000000024
0.00425700000000024
0.00425800000000024
0.00425900000000024
0.00426000000000024
0.00426100000000024
0.00426200000000024
0.00426300000000024
0.00426400000000024
0.00426500000000024
0.00426600000000024
0.00426700000000024
0.00426800000000024
0.00426900000000024
0.00427000000000024
0.00427100000000024
0.00427200000000024
0.00427300000000024
0.00427400000000024
0.00427500000000024
0.00427600000000024
0.00427700000000024
0.00427800000000024
0.00427900000000024
0.00428000000000024
0.00428100000000024
0.00428200000000024
0.00428300000000024
0.00428400000000024
0.00428500000000024
0.00428600000000024
0.00428700000000024
0.00428800000000024
0.00428900000000024
0.00429000000000025
0.00429100000000025
0.00429200000000025
0.00429300000000025
0.00429400000000025
0.00429500000000025
0.00429600000000025
0.00429700000000025
0.00429800000000025
0.00429900000000025
0.00430000000000025
0.00430100000000025
0.00430200000000025
0.00430300000000025
0.00430400000000025
0.00430500000000025
0.00430600000000025
0.00430700000000025
0.00430800000000025
0.00430900000000025
0.00431000000000025
0.00431100000000025
0.00431200000000025
0.00431300000000025
0.00431400000000025
0.00431500000000025
0.00431600000000025
0.00431700000000025
0.00431800000000025
0.00431900000000025
0.00432000000000025
0.00432100000000025
0.00432200000000025
0.00432300000000025
0.00432400000000025
0.00432500000000025
0.00432600000000025
0.00432700000000025
0.00432800000000025
0.00432900000000025
0.00433000000000025
0.00433100000000025
0.00433200000000025
0.00433300000000025
0.00433400000000025
0.00433500000000025
0.00433600000000025
0.00433700000000025
0.00433800000000025
0.00433900000000025
0.00434000000000025
0.00434100000000025
0.00434200000000025
0.00434300000000025
0.00434400000000025
0.00434500000000025
0.00434600000000025
0.00434700000000025
0.00434800000000025
0.00434900000000025
0.00435000000000025
0.00435100000000025
0.00435200000000025
0.00435300000000025
0.00435400000000025
0.00435500000000025
0.00435600000000025
0.00435700000000025
0.00435800000000025
0.00435900000000025
0.00436000000000025
0.00436100000000025
0.00436200000000025
0.00436300000000025
0.00436400000000025
0.00436500000000025
0.00436600000000026
0.00436700000000026
0.00436800000000026
0.00436900000000026
0.00437000000000026
0.00437100000000026
0.00437200000000026
0.00437300000000026
0.00437400000000026
0.00437500000000026
0.00437600000000026
0.00437700000000026
0.00437800000000026
0.00437900000000026
0.00438000000000026
0.00438100000000026
0.00438200000000026
0.00438300000000026
0.00438400000000026
0.00438500000000026
0.00438600000000026
0.00438700000000026
0.00438800000000026
0.00438900000000026
0.00439000000000026
0.00439100000000026
0.00439200000000026
0.00439300000000026
0.00439400000000026
0.00439500000000026
0.00439600000000026
0.00439700000000026
0.00439800000000026
0.00439900000000026
0.00440000000000026
0.00440100000000026
0.00440200000000026
0.00440300000000026
0.00440400000000026
0.00440500000000026
0.00440600000000026
0.00440700000000026
0.00440800000000026
0.00440900000000026
0.00441000000000026
0.00441100000000026
0.00441200000000026
0.00441300000000026
0.00441400000000026
0.00441500000000026
0.00441600000000026
0.00441700000000026
0.00441800000000026
0.00441900000000026
0.00442000000000026
0.00442100000000026
0.00442200000000026
0.00442300000000026
0.00442400000000026
0.00442500000000026
0.00442600000000026
0.00442700000000026
0.00442800000000026
0.00442900000000026
0.00443000000000026
0.00443100000000026
0.00443200000000026
0.00443300000000026
0.00443400000000026
0.00443500000000026
0.00443600000000026
0.00443700000000026
0.00443800000000026
0.00443900000000026
0.00444000000000026
0.00444100000000027
0.00444200000000027
0.00444300000000027
0.00444400000000027
0.00444500000000027
0.00444600000000027
0.00444700000000027
0.00444800000000027
0.00444900000000027
0.00445000000000027
0.00445100000000027
0.00445200000000027
0.00445300000000027
0.00445400000000027
0.00445500000000027
0.00445600000000027
0.00445700000000027
0.00445800000000027
0.00445900000000027
0.00446000000000027
0.00446100000000027
0.00446200000000027
0.00446300000000027
0.00446400000000027
0.00446500000000027
0.00446600000000027
0.00446700000000027
0.00446800000000027
0.00446900000000027
0.00447000000000027
0.00447100000000027
0.00447200000000027
0.00447300000000027
0.00447400000000027
0.00447500000000027
0.00447600000000027
0.00447700000000027
0.00447800000000027
0.00447900000000027
0.00448000000000027
0.00448100000000027
0.00448200000000027
0.00448300000000027
0.00448400000000027
0.00448500000000027
0.00448600000000027
0.00448700000000027
0.00448800000000027
0.00448900000000027
0.00449000000000027
0.00449100000000027
0.00449200000000027
0.00449300000000027
0.00449400000000027
0.00449500000000027
0.00449600000000027
0.00449700000000027
0.00449800000000027
0.00449900000000027
0.00450000000000027
0.00450100000000027
0.00450200000000027
0.00450300000000027
0.00450400000000027
0.00450500000000027
0.00450600000000027
0.00450700000000027
0.00450800000000027
0.00450900000000027
0.00451000000000027
0.00451100000000027
0.00451200000000027
0.00451300000000027
0.00451400000000027
0.00451500000000027
0.00451600000000028
0.00451700000000028
0.00451800000000028
0.00451900000000028
0.00452000000000028
0.00452100000000028
0.00452200000000028
0.00452300000000028
0.00452400000000028
0.00452500000000028
0.00452600000000028
0.00452700000000028
0.00452800000000028
0.00452900000000028
0.00453000000000028
0.00453100000000028
0.00453200000000028
0.00453300000000028
0.00453400000000028
0.00453500000000028
0.00453600000000028
0.00453700000000028
0.00453800000000028
0.00453900000000028
0.00454000000000028
0.00454100000000028
0.00454200000000028
0.00454300000000028
0.00454400000000028
0.00454500000000028
0.00454600000000028
0.00454700000000028
0.00454800000000028
0.00454900000000028
0.00455000000000028
0.00455100000000028
0.00455200000000028
0.00455300000000028
0.00455400000000028
0.00455500000000028
0.00455600000000028
0.00455700000000028
0.00455800000000028
0.00455900000000028
0.00456000000000028
0.00456100000000028
0.00456200000000028
0.00456300000000028
0.00456400000000028
0.00456500000000028
0.00456600000000028
0.00456700000000028
0.00456800000000028
0.00456900000000028
0.00457000000000028
0.00457100000000028
0.00457200000000028
0.00457300000000028
0.00457400000000028
0.00457500000000028
0.00457600000000028
0.00457700000000028
0.00457800000000028
0.00457900000000028
0.00458000000000028
0.00458100000000028
0.00458200000000028
0.00458300000000028
0.00458400000000028
0.00458500000000028
0.00458600000000028
0.00458700000000028
0.00458800000000028
0.00458900000000028
0.00459000000000028
0.00459100000000028
0.00459200000000029
0.00459300000000029
0.00459400000000029
0.00459500000000029
0.00459600000000029
0.00459700000000029
0.00459800000000029
0.00459900000000029
0.00460000000000029
0.00460100000000029
0.00460200000000029
0.00460300000000029
0.00460400000000029
0.00460500000000029
0.00460600000000029
0.00460700000000029
0.00460800000000029
0.00460900000000029
0.00461000000000029
0.00461100000000029
0.00461200000000029
0.00461300000000029
0.00461400000000029
0.00461500000000029
0.00461600000000029
0.00461700000000029
0.00461800000000029
0.00461900000000029
0.00462000000000029
0.00462100000000029
0.00462200000000029
0.00462300000000029
0.00462400000000029
0.00462500000000029
0.00462600000000029
0.00462700000000029
0.00462800000000029
0.00462900000000029
0.00463000000000029
0.00463100000000029
0.00463200000000029
0.00463300000000029
0.00463400000000029
0.00463500000000029
0.00463600000000029
0.00463700000000029
0.00463800000000029
0.00463900000000029
0.00464000000000029
0.00464100000000029
0.00464200000000029
0.00464300000000029
0.00464400000000029
0.00464500000000029
0.00464600000000029
0.00464700000000029
0.00464800000000029
0.00464900000000029
0.00465000000000029
0.00465100000000029
0.00465200000000029
0.00465300000000029
0.00465400000000029
0.00465500000000029
0.00465600000000029
0.00465700000000029
0.00465800000000029
0.00465900000000029
0.00466000000000029
0.00466100000000029
0.00466200000000029
0.00466300000000029
0.00466400000000029
0.00466500000000029
0.00466600000000029
0.0046670000000003
0.0046680000000003
0.0046690000000003
0.0046700000000003
0.0046710000000003
0.0046720000000003
0.0046730000000003
0.0046740000000003
0.0046750000000003
0.0046760000000003
0.0046770000000003
0.0046780000000003
0.0046790000000003
0.0046800000000003
0.0046810000000003
0.0046820000000003
0.0046830000000003
0.0046840000000003
0.0046850000000003
0.0046860000000003
0.0046870000000003
0.0046880000000003
0.0046890000000003
0.0046900000000003
0.0046910000000003
0.0046920000000003
0.0046930000000003
0.0046940000000003
0.0046950000000003
0.0046960000000003
0.0046970000000003
0.0046980000000003
0.0046990000000003
0.0047000000000003
0.0047010000000003
0.0047020000000003
0.0047030000000003
0.0047040000000003
0.0047050000000003
0.0047060000000003
0.0047070000000003
0.0047080000000003
0.0047090000000003
0.0047100000000003
0.0047110000000003
0.0047120000000003
0.0047130000000003
0.0047140000000003
0.0047150000000003
0.0047160000000003
0.0047170000000003
0.0047180000000003
0.0047190000000003
0.0047200000000003
0.0047210000000003
0.0047220000000003
0.0047230000000003
0.0047240000000003
0.0047250000000003
0.0047260000000003
0.0047270000000003
0.0047280000000003
0.0047290000000003
0.0047300000000003
0.0047310000000003
0.0047320000000003
0.0047330000000003
0.0047340000000003
0.0047350000000003
0.0047360000000003
0.0047370000000003
0.0047380000000003
0.0047390000000003
0.0047400000000003
0.0047410000000003
0.0047420000000003
0.00474300000000031
0.00474400000000031
0.00474500000000031
0.00474600000000031
0.00474700000000031
0.00474800000000031
0.00474900000000031
0.00475000000000031
0.00475100000000031
0.00475200000000031
0.00475300000000031
0.00475400000000031
0.00475500000000031
0.00475600000000031
0.00475700000000031
0.00475800000000031
0.00475900000000031
0.00476000000000031
0.00476100000000031
0.00476200000000031
0.00476300000000031
0.00476400000000031
0.00476500000000031
0.00476600000000031
0.00476700000000031
0.00476800000000031
0.00476900000000031
0.00477000000000031
0.00477100000000031
0.00477200000000031
0.00477300000000031
0.00477400000000031
0.00477500000000031
0.00477600000000031
0.00477700000000031
0.00477800000000031
0.00477900000000031
0.00478000000000031
0.00478100000000031
0.00478200000000031
0.00478300000000031
0.00478400000000031
0.00478500000000031
0.00478600000000031
0.00478700000000031
0.00478800000000031
0.00478900000000031
0.00479000000000031
0.00479100000000031
0.00479200000000031
0.00479300000000031
0.00479400000000031
0.00479500000000031
0.00479600000000031
0.00479700000000031
0.00479800000000031
0.00479900000000031
0.00480000000000031
0.00480100000000031
0.00480200000000031
0.00480300000000031
0.00480400000000031
0.00480500000000031
0.00480600000000031
0.00480700000000031
0.00480800000000031
0.00480900000000031
0.00481000000000031
0.00481100000000031
0.00481200000000031
0.00481300000000031
0.00481400000000031
0.00481500000000031
0.00481600000000031
0.00481700000000031
0.00481800000000032
0.00481900000000032
0.00482000000000032
0.00482100000000032
0.00482200000000032
0.00482300000000032
0.00482400000000032
0.00482500000000032
0.00482600000000032
0.00482700000000032
0.00482800000000032
0.00482900000000032
0.00483000000000032
0.00483100000000032
0.00483200000000032
0.00483300000000032
0.00483400000000032
0.00483500000000032
0.00483600000000032
0.00483700000000032
0.00483800000000032
0.00483900000000032
0.00484000000000032
0.00484100000000032
0.00484200000000032
0.00484300000000032
0.00484400000000032
0.00484500000000032
0.00484600000000032
0.00484700000000032
0.00484800000000032
0.00484900000000032
0.00485000000000032
0.00485100000000032
0.00485200000000032
0.00485300000000032
0.00485400000000032
0.00485500000000032
0.00485600000000032
0.00485700000000032
0.00485800000000032
0.00485900000000032
0.00486000000000032
0.00486100000000032
0.00486200000000032
0.00486300000000032
0.00486400000000032
0.00486500000000032
0.00486600000000032
0.00486700000000032
0.00486800000000032
0.00486900000000032
0.00487000000000032
0.00487100000000032
0.00487200000000032
0.00487300000000032
0.00487400000000032
0.00487500000000032
0.00487600000000032
0.00487700000000032
0.00487800000000032
0.00487900000000032
0.00488000000000032
0.00488100000000032
0.00488200000000032
0.00488300000000032
0.00488400000000032
0.00488500000000032
0.00488600000000032
0.00488700000000032
0.00488800000000032
0.00488900000000032
0.00489000000000032
0.00489100000000032
0.00489200000000032
0.00489300000000033
0.00489400000000033
0.00489500000000033
0.00489600000000033
0.00489700000000033
0.00489800000000033
0.00489900000000033
0.00490000000000033
0.00490100000000033
0.00490200000000033
0.00490300000000033
0.00490400000000033
0.00490500000000033
0.00490600000000033
0.00490700000000033
0.00490800000000033
0.00490900000000033
0.00491000000000033
0.00491100000000033
0.00491200000000033
0.00491300000000033
0.00491400000000033
0.00491500000000033
0.00491600000000033
0.00491700000000033
0.00491800000000033
0.00491900000000033
0.00492000000000033
0.00492100000000033
0.00492200000000033
0.00492300000000033
0.00492400000000033
0.00492500000000033
0.00492600000000033
0.00492700000000033
0.00492800000000033
0.00492900000000033
0.00493000000000033
0.00493100000000033
0.00493200000000033
0.00493300000000033
0.00493400000000033
0.00493500000000033
0.00493600000000033
0.00493700000000033
0.00493800000000033
0.00493900000000033
0.00494000000000033
0.00494100000000033
0.00494200000000033
0.00494300000000033
0.00494400000000033
0.00494500000000033
0.00494600000000033
0.00494700000000033
0.00494800000000033
0.00494900000000033
0.00495000000000033
0.00495100000000033
0.00495200000000033
0.00495300000000033
0.00495400000000033
0.00495500000000033
0.00495600000000033
0.00495700000000033
0.00495800000000033
0.00495900000000033
0.00496000000000033
0.00496100000000033
0.00496200000000033
0.00496300000000033
0.00496400000000033
0.00496500000000033
0.00496600000000033
0.00496700000000033
0.00496800000000033
0.00496900000000034
0.00497000000000034
0.00497100000000034
0.00497200000000034
0.00497300000000034
0.00497400000000034
0.00497500000000034
0.00497600000000034
0.00497700000000034
0.00497800000000034
0.00497900000000034
0.00498000000000034
0.00498100000000034
0.00498200000000034
0.00498300000000034
0.00498400000000034
0.00498500000000034
0.00498600000000034
0.00498700000000034
0.00498800000000034
0.00498900000000034
0.00499000000000034
0.00499100000000034
0.00499200000000034
0.00499300000000034
0.00499400000000034
0.00499500000000034
0.00499600000000034
0.00499700000000034
0.00499800000000034
