1400
1399.97701384666
1399.92930685161
1399.85690900579
1399.76001996842
1399.63881408832
1399.49343318129
1399.32399212035
1399.1305893585
1398.91344719262
1398.67284205011
1398.4090279469
1398.1222375708
1397.81268594568
1397.48058075095
1397.12611552666
1396.74946959919
1396.35081062559
1395.93029742857
1395.48808098765
1395.02430116938
1394.53908738834
1394.03256288482
1393.50484558883
1392.95604485171
1392.38626178785
1391.79559212587
1391.18413068757
1390.55196747525
1389.89918686861
1389.22587492925
1388.53212694586
1387.8180377962
1387.0836984862
1386.32920497503
1385.55469268922
1384.76030915542
1383.94619957098
1383.11250674924
1382.25937046871
1381.38692759744
1380.49531333206
1379.58466127783
1378.65510246787
1377.70676545133
1376.73977637789
1375.75425907897
1374.75033514559
1373.72812400334
1372.6877429843
1371.62930739626
1370.5529305893
1369.45872401982
1368.34679731224
1367.21725831839
1366.07021317466
1364.9057663572
1363.72402073502
1362.52507762128
1361.30903682267
1360.0759966872
1358.82605415018
1357.55930477873
1356.2758428147
1354.97576121621
1353.65915169771
1352.32610476876
1350.97670977155
1349.61105491713
1348.2292273205
1346.8313130346
1345.41739708313
1343.9875634924
1342.54189532217
1341.0804746955
1339.60338282766
1338.11070191053
1336.60252914081
1335.07897264282
1333.54014016045
1331.98613888596
1330.41707520736
1328.8330547257
1327.23418227199
1325.62056192368
1323.99229702073
1322.34949028584
1320.6922441856
1319.02066063128
1317.33484085611
1315.63488542941
1313.92089427021
1312.19296666064
1310.45120125894
1308.69569611223
1306.92654866889
1305.14385579066
1303.34771376455
1301.53821831432
1299.71546461179
1297.87954728785
1296.0305604432
1294.16859765887
1292.29375200645
1290.40611605813
1288.50578189647
1286.59284112392
1284.66738487221
1282.72950381141
1280.77928815888
1278.81682768792
1276.84221173629
1274.85552921451
1272.85686861398
1270.84631801486
1268.82396509386
1266.78989713179
1264.74420102092
1262.68696327223
1260.61827002248
1258.53820704105
1256.44685973672
1254.34431316426
1252.23065203083
1250.10596070227
1247.97032320927
1245.82382325334
1243.6665442127
1241.49856914801
1239.31998080792
1237.13086163463
1234.93129376916
1232.72135905661
1230.50113905126
1228.27071502156
1226.03016795499
1223.77957856285
1221.51902728485
1219.24859429375
1216.9683594997
1214.67840255466
1212.37880285655
1210.06963955349
1207.75099154773
1205.4229374997
1203.08555583178
1200.73892473211
1198.38312215826
1196.01822584081
1193.64431328684
1191.26146178337
1188.86974840069
1186.46924999561
1184.06004321467
1181.64220449717
1179.21581007829
1176.78093599197
1174.33765807382
1171.88605196391
1169.42619310955
1166.95815676791
1164.48201800865
1161.99785171647
1159.50573259353
1157.00573516193
1154.49793376601
1151.98240257465
1149.4592155835
1146.92844661712
1144.39016933116
1141.84445721433
1139.29138359044
1136.73102162037
1134.16344430388
1131.58872448155
1129.00693483647
1126.41814789603
1123.82243603362
1121.21987147019
1118.61052627593
1115.99447237175
1113.3717815308
1110.74252537989
1108.10677540096
1105.46460293235
1102.8160791702
1100.16127516967
1097.50026184619
1094.83310997667
1092.15989020062
1089.48067302128
1086.79552880668
1084.10452779071
1081.40774007406
1078.70523562522
1075.99708428141
1073.28335574942
1070.56411960651
1067.8394453012
1065.10940215407
1062.3740593585
1059.63348598138
1056.88775096382
1054.13692312175
1051.38107114662
1048.62026360589
1045.8545689437
1043.0840554813
1040.3087914176
1037.52884482965
1034.74428367304
1031.95517578237
1029.16158887156
1026.36359053428
1023.56124849689
1020.75463140665
1017.94380807048
1015.12884714793
1012.30981722501
1009.48678684385
1006.65982440689
1003.82899816667
1000.99437622596
998.156026537946
995.314016906375
992.468414985661
989.61928828099
986.766704148398
983.910729794826
981.051432278157
978.188878507232
975.323135241848
972.454269092738
969.582346521525
966.707433840668
963.82959721338
960.948902653535
958.065416025551
955.179203044262
952.290329274768
949.398860132268
946.504860881883
943.608396638451
940.709532366319
937.808332879107
934.904862839465
931.999186758811
929.091368997053
926.181473762301
923.269565110555
920.355706945393
917.439963017626
914.522396924958
911.603072111621
908.682051867995
905.759399330225
902.835177479816
899.909449143216
896.982276991393
894.053723539391
891.12385114588
888.192722012689
885.260398184335
882.326941547529
879.392413830684
876.456876603397
873.520391275935
870.583019098699
867.644821161682
864.705858393916
861.76619156291
858.825881274075
855.884987970143
852.94357193057
850.00169327094
847.059411942345
844.116787730773
841.173880256472
838.230748973314
835.287453168145
832.344051960134
829.400604300104
826.457168969863
823.513804581523
820.570569576811
817.627522226376
814.684720629081
811.7422227113
808.800086226191
805.858368752981
802.917127696229
799.976420285087
797.036303572561
794.096834434751
791.158069570105
788.220065498645
785.282878561205
782.346564918652
779.411180551106
776.476781257154
773.543422653061
770.611160171968
767.680049063093
764.750144390926
761.821501034415
758.894173686149
755.96821685154
753.043684847997
750.120631804096
747.199111658747
744.279178160357
741.36088486599
738.44428514052
735.529432155786
732.616378889738
729.705178125581
726.795882450922
723.888544256903
720.983215737344
718.07994888787
715.178795505046
712.279807185504
709.383035325072
706.488531117893
703.596345555551
700.706529426192
697.819133313638
694.934207596508
692.051802447331
689.17196783166
686.294753507185
683.420209022845
680.548383717937
677.679326721228
674.813086950061
671.949713109466
669.089253691266
666.231756973184
663.377271017952
660.52584367242
657.677522566656
654.832355113062
651.990388505477
649.151669718284
646.316245505522
643.484162399995
640.655466712381
637.830204530341
635.008421717637
632.190163913239
629.375476545159
626.564404913163
623.756994144549
620.953289139672
618.15333461632
615.357175812204
612.564858354608
609.776427651507
606.991928890452
604.211407037453
601.434906835862
598.662472805254
595.894149240317
593.129980209736
590.370009555081
587.614280889695
584.862837597592
582.115722832341
579.372979515968
576.634650337851
573.90077775362
571.171403984056
568.446571014
565.72632059126
563.010694225515
560.299733187236
557.593478506597
554.891970972396
552.195251130978
549.503359285161
546.816335493166
544.134219567552
541.457051074152
538.784869331016
536.11771340736
533.455622122512
530.79863404487
528.146787490864
525.500120523918
522.85867095342
520.222476333701
517.591573963013
514.966000882514
512.345793875262
509.730989465213
507.121623916225
504.517733231063
501.919353150422
499.326519151945
496.739266449254
494.157629990984
491.581644459829
489.01134427159
486.446763574229
483.887936246942
481.334895899221
478.787675869942
476.246309226447
473.710828763644
471.181267003107
468.657656192193
466.140028303156
463.628415032285
461.122847799035
458.623357745178
456.129975733961
453.642732349267
451.161657894795
448.686782393242
446.218135585501
443.755746929862
441.299645601231
438.849860490354
436.406420203051
433.969353059466
431.538687093321
429.114450051186
426.696669391761
424.285372285163
421.880585612228
419.482335963831
417.090649640203
414.705552650278
412.327070711036
409.955229246867
407.590053388949
405.231567974632
402.879797546837
400.534766353475
398.196498346865
395.865017183182
393.540346221904
391.222508525281
388.911526857813
386.60742368575
384.310221176592
382.019941198619
379.736605320425
377.460234810467
375.190850636636
372.928473465836
370.673123663578
368.424821293594
366.183586117465
363.949437594256
361.722394880182
359.502476828277
357.289701988084
355.084088605361
352.885654621799
350.694417674768
348.510395097062
346.333603916677
344.164060856594
342.001782334586
339.846784463041
337.699083048798
335.558693593004
333.425631290988
331.299911032151
329.181547399879
327.070554671462
324.966946818044
322.870737504587
320.781940089844
318.700567626366
316.626632860516
314.560148232504
312.501125876441
310.449577620417
308.405514986586
306.368949191282
304.339891145147
302.318351453279
300.304340415401
298.297868026052
296.298943974786
294.307577646405
292.323778121205
290.347554175235
288.378914280589
286.417866605708
284.464419015706
282.518579072711
280.580354036237
278.649750863562
276.726776210136
274.811436430005
272.903737576257
271.003685401488
269.111285358285
267.226542599736
265.349461979955
263.480048054626
261.618305081576
259.764237021358
257.917847537861
256.079139998941
254.248117477066
252.424782749991
250.609138301443
248.801186321837
247.000928709005
245.208367068948
243.42350271661
241.646336676671
239.87686968436
238.115102186289
236.361034341308
234.614666021383
232.875996812486
231.145026015517
229.421752647235
227.706175441219
225.998292848841
224.298103040267
222.605603905471
220.920793055275
219.243667822402
217.574225262559
215.912462155531
214.258375006296
212.611960046167
210.973213233943
209.342130359456
207.718707162304
206.102939149033
204.494821554351
202.894349342346
201.301517207733
199.716319577113
198.13875061026
196.568804201418
195.006473980627
193.451753315059
191.904635310382
190.365112812136
188.833178407128
187.308824424856
185.792042997549
184.282826243212
182.781166088428
181.28705421987
179.800485868837
178.321462736697
176.84998932201
175.38607025395
173.92970978064
172.480911768617
171.039679702334
169.606016683698
168.179925431662
166.761408281855
165.35046718625
163.947103712888
162.55131904564
161.163113984014
159.782488943012
158.409443953032
157.043978659814
155.686092324442
154.335783823386
152.993051648598
151.657893907651
150.330308323938
149.010292236912
147.697842602382
146.392955992857
145.095628597943
143.805856224792
142.523634298605
141.248957863184
139.981821581542
138.72221973656
137.470146231705
136.2255945918
134.988557963842
133.759029117886
132.537000447976
131.322463973135
130.115411338404
128.91583381595
127.723722306215
126.539067339134
125.361859075396
124.192087307776
123.029741462511
121.874810600742
120.727283420003
119.587148255778
118.454393083106
117.329005518245
116.210972820397
115.10028189348
113.996919287969
112.900871202783
111.812123487236
110.730661643035
109.656470826348
108.589535849912
107.52984118521
106.477370964696
105.432108984075
104.394038704643
103.363143255677
102.339405436882
101.322807720886
100.3133322558
99.3109608678197
98.315675063883
97.3274560343841
96.3462846559338
95.3721414941734
94.4050068066389
93.4448605456747
92.4916823613975
91.5454516047081
90.606147330352
89.6737483000272
88.7482329855387
87.8295795719997
86.917765961077
86.0127697742821
85.1145683563056
84.2231387783945
83.3384578417719
82.4605020810979
81.5892477963391
80.7246714417399
79.8667495329065
79.015458314179
78.1707737623713
77.3326715905517
76.501127251864
75.6761159433868
74.8576126100311
74.0455919484741
73.2400284111283
72.4408962101456
71.6481693214539
70.8618217486702
70.0818275596072
69.3081605993569
68.5407944812007
67.7797025907776
67.024858090282
66.2762339226917
65.5338079687264
64.7975708545158
64.0675153621385
63.3436337703303
62.6259178539267
61.9143588834505
61.2089476248492
60.5096743393815
59.8165287836588
59.1295002098398
58.4485776422133
57.7737501863152
57.1050065418255
56.4423349336684
55.7857240704766
55.1351660120521
54.4906541618745
53.8521813623459
53.2197398927298
52.5933214672671
51.9729172334689
51.3585177705936
50.7501130883101
50.1476926255525
49.5512452495706
48.9607592551789
48.3762223642088
47.7976217251682
47.2249449237198
46.6581803913098
46.0973160300864
45.5423390557534
44.9932359996321
44.4499927110344
43.912594359944
43.3810254400057
42.855269771821
42.3353105065487
41.8211301298066
41.312710465875
40.8100326821963
40.3130772941693
39.8218241702346
39.3362525656961
38.8563421210274
38.3820727573163
37.9134237290741
37.4503736291221
36.9929003938052
36.5409813085289
36.0945930136173
35.6537115104905
35.2183121681572
34.78836973002
34.363858320989
33.944751454901
33.5310220422383
33.1226423981438
32.7195842507266
32.3218187496522
31.9293172632055
31.5420519516923
31.1599944226752
30.7831155191331
30.4113853438128
30.0447732831796
29.6832480309682
29.3267779328576
28.975331806075
28.6288780776765
28.2873845317857
27.9508183294728
27.6191460283712
27.2923336020383
26.9703464590723
26.6531494619913
26.340706945886
26.0329827368539
25.7299401702242
25.4315425849726
25.1377547773394
24.8485415116256
24.5638676648802
24.2836981572892
24.0079973284237
23.7367289562107
23.4698562760149
23.2073419998156
22.9491483354668
22.6952370060267
22.4455692691433
22.2001060214437
21.9588083489308
21.7216372981727
21.4885535103228
21.2595172276817
21.0344883126944
20.8134262668985
20.5962903739936
20.3830401189286
20.1736348225598
19.9680334999185
19.766194878209
19.5680776982849
19.3736407683373
19.1828426842552
18.9956420805178
18.812010342308
18.6319396005998
18.4554249357961
18.2824627254963
18.1130488573638
17.9471776956946
17.784842096104
17.6260334218721
17.4707415617971
17.3189549494196
17.1706605834866
17.0258446820589
16.8844951707604
16.7465996938665
16.6121443446413
16.4811136725193
16.3534906925085
16.2292568968177
16.1083923261933
15.9908795229261
15.8767054441147
15.7658555622438
15.6583129795022
15.5540584380093
15.4530703743588
15.3553264957536
15.2608059950757
15.1694865168348
15.0813440966311
14.9963568346294
14.9145050942725
14.8357691415362
14.760126041382
14.6875497047782
14.6180142797996
14.5514955719373
