1400
1399.97483843542
1399.921742229
1399.84071244021
1399.73175068588
1399.5948591402
1399.43004053466
1399.237298158
1399.01663585613
1398.76805803209
1398.49156964591
1398.18717621455
1397.85488381178
1397.49469906805
1397.10662917037
1396.69068186216
1396.2468654431
1395.77518876896
1395.27566125141
1394.74829285788
1394.19309411129
1393.61007608991
1392.99925042707
1392.36062931101
1391.69422548455
1391.0000522449
1390.27812344337
1389.5284534851
1388.75105732874
1387.94595048621
1387.11314902235
1386.25266955461
1385.36452925272
1384.44874583833
1383.5053375847
1382.53432331628
1381.53572240837
1380.50955478674
1379.45584092719
1378.3746018552
1377.26585914544
1376.12963492142
1374.96595185498
1373.77483316587
1372.55630262129
1371.31038453541
1370.03710376885
1368.73648572826
1367.40855636573
1366.05334217835
1364.67087020762
1363.26116803892
1361.824263801
1360.36018616537
1358.86896434577
1357.35062809755
1355.80520771709
1354.23273404122
1352.63323844655
1351.0067528489
1349.35330970263
1347.67294200002
1345.96568327057
1344.23156758037
1342.47062953138
1340.68290426081
1338.86842744034
1337.02723527544
1335.15936450467
1333.2648523989
1331.34373676062
1329.39605592315
1327.42184874986
1325.42115463346
1323.39401349513
1321.34046578379
1319.26055247527
1317.15431507147
1315.02179559957
1312.86303661116
1310.67808118144
1308.46697290827
1306.2297559114
1303.96647483152
1301.67717482941
1299.36190158502
1297.02070129655
1294.65362067954
1292.26070696597
1289.84200790324
1287.39757175329
1284.9274472916
1282.43168380624
1279.91033109684
1277.36343947367
1274.79105975657
1272.19324327397
1269.57004186184
1266.9215078627
1264.24769412453
1261.54865399974
1258.82444134409
1256.07511051564
1253.30071637364
1250.50131427745
1247.67696008542
1244.8277101538
1241.9536213356
1239.05475097943
1236.13115692843
1233.18289751902
1230.21003157983
1227.21261843044
1224.19071788027
1221.14439022733
1218.07369625706
1214.97869724107
1211.85945493597
1208.71603158211
1205.54848990234
1202.35689310074
1199.14130486139
1195.90178934711
1192.63841119813
1189.35123553083
1186.04032793644
1182.70575447973
1179.3475816977
1175.96587659824
1172.56070665878
1169.13213982498
1165.68024450934
1162.20508958986
1158.70674440864
1155.18527877053
1151.6407629417
1148.07326764828
1144.48286407488
1140.86962386327
1137.23361911086
1133.5749223693
1129.89360664304
1126.18974538785
1122.46341250937
1118.71468236163
1114.94362974557
1111.15032990756
1107.33485853785
1103.49729176912
1099.63770617493
1095.75617876819
1091.85278699964
1087.92760875628
1083.98072235984
1080.01220656521
1076.02214055885
1072.01060395725
1067.97767680529
1063.9234395747
1059.8479731624
1055.75135888893
1051.63367849678
1047.49501414881
1043.33544842658
1039.15506432872
1034.95394526923
1030.73217507589
1026.48983798852
1022.22701865734
1017.94380214124
1013.64027390615
1009.31651982325
1004.97262616733
1000.60867961503
996.224767243116
991.820976526746
987.397395337726
982.954111942755
978.491215001661
974.008793565637
969.506937075458
964.985735359704
960.44527863296
955.885657494021
951.30696292408
946.709286284919
942.092719317078
937.457354138032
932.803283240347
928.130599489837
923.439396123711
918.729766748714
914.001805339255
909.255606235537
904.491264141669
899.708874123782
894.908531608129
890.09033237918
885.254372577712
880.400748698892
875.529557590351
870.640896450248
865.734862825334
860.811554609008
855.871070039356
850.913507697199
845.93896650412
840.947545720495
835.939344943506
830.91446410516
825.873003470294
820.81506363457
815.740745522472
810.650150385289
805.5433797991
800.420535662741
795.281720195775
790.127035936451
784.95658573966
779.77047277488
774.568800524121
769.351672779856
764.119193642952
758.871467520593
753.608599124196
748.330693467324
743.037855863585
737.730191924538
732.40780755758
727.070808963833
721.71930263603
716.353395356385
710.973194194462
705.578806505043
700.170339925984
694.747902376063
689.311602052833
683.861547430461
678.39784725756
672.920610555023
667.429946613848
661.925964992953
656.408775516996
650.878488274177
645.335213614047
639.779062145302
634.210144733578
628.62857249924
623.034456815161
617.427909304503
611.809041838489
606.177966534169
600.534795752186
594.879642094531
589.212618402298
583.533837753432
577.84341346047
572.141459068287
566.428088351822
560.703415313813
554.967554182521
549.220619409451
543.462725667066
537.693987846503
531.914521055277
526.124440614985
520.323862059006
514.512901130195
508.691673778573
502.860296159014
497.018884628927
491.167555745936
485.30642626555
479.435613138838
473.555233510092
467.665404714492
461.766244275762
455.857869903829
449.940399492469
444.013951116959
438.07864303172
432.134593667955
426.181921631289
420.220745699401
414.251184819652
408.273358106717
402.287384840202
396.293384462266
390.291476575242
384.281780939244
378.26441746978
372.239506235362
366.207167455104
360.16752149633
354.120688872168
348.066790239145
342.005946394784
335.938278275187
329.863906952627
323.782953633131
317.695539654061
311.601786481691
305.501815708788
299.39574905218
293.283708350334
287.165815560917
281.042192758369
274.912962131465
268.778245980876
262.638166716729
256.492846856166
250.342409020897
244.186975934756
238.026670421248
231.861615401102
225.691933889819
219.517748995214
213.339183914959
207.15636193413
200.969406422743
194.778440833292
188.583588698287
182.384973627791
176.182719306948
169.976949493521
163.767788015419
157.555358768227
151.339785712735
145.121192872462
138.899704331184
132.675444230457
126.448536767139
120.219106190913
113.987276801807
107.753172947714
101.516919021912
95.2786394605804
89.0384587403168
82.7965013756544
76.5528919165771
70.307754946034
64.0612150774535
57.8133969522572
51.5644252373727
45.3144246227457
39.0635198188523
32.8118355542105
26.5594965728916
20.3066276320306
14.0533534993373
7.79979895060668
1.54608876722878
-4.7076522663007
-10.9612993648705
-17.2147277452438
-23.4678126285479
-29.7204292427641
-35.9724528252175
-42.2237586250664
-48.4742219057914
-54.7237179476844
-60.9721220503374
-67.2193095351305
-73.46515574772
-79.7095360605251
-85.9523258752155
-92.193400625197
-98.4326357780972
-104.66990683825
-110.905089349182
-117.138058896092
-123.368691108335
-129.596861661908
-135.822446281922
-142.045320745093
-148.265360882208
-154.482442580614
-160.696441786689
-166.907234508316
-173.11469681736
-179.318704852142
-185.519134819906
-191.715862999292
-197.908765742805
-204.097719479281
-210.282600716353
-216.463286042917
-222.639652131591
-228.811575741178
-234.978933719125
-241.14160300398
-247.299460627847
-253.452383718843
-259.600249503544
-265.742935309439
-271.880318567377
-278.012276814011
-284.138687694245
-290.259428963671
-296.374378491012
-302.483414260559
-308.5864143746
-314.68325705586
-320.773820649927
-326.857983627678
-332.935624587708
-339.006622258748
-345.07085550209
-351.128203313999
-357.178544828129
-363.221759317938
-369.257726199092
-375.286325031874
-381.307435523587
-387.320937530955
-393.326711062516
-399.324636281024
-405.314593505831
-411.296463215282
-417.2701260491
-423.23546281076
-429.192354469877
-435.140682164576
-441.080327203863
-447.011171069997
-452.933095420851
-458.845982092275
-464.749713100455
-470.644170644267
-476.529237107625
-482.404795061829
-488.27072726791
-494.126916678969
-499.973246442509
-505.809599902772
-511.63586060306
-517.451912288067
-523.257638906192
-529.052924611858
-534.837653767821
-540.61171094748
-546.37498093718
-552.127348738508
-557.868699570592
-563.598918872388
-569.317892304966
-575.025505753793
-580.721645331011
-586.406197377706
-592.079048466177
-597.740085402204
-603.389195227298
-609.026265220964
-614.651182902942
-620.263836035457
-625.864112625459
-631.451900926851
-637.027089442727
-642.589566927591
-648.13922238958
-653.675945092676
-659.199624558919
-664.710150570607
-670.207413172501
-675.691302674013
-681.161709651398
-686.618524949939
-692.061639686119
-697.490945249801
-702.90633330639
-708.307695798998
-713.694924950597
-719.067913266171
-724.426553534862
-729.770738832108
-735.100362521776
-740.415318258292
-745.71549998876
-751.000801955081
-756.271118696062
-761.526345049518
-766.766376154375
-771.99110745276
-777.200434692087
-782.394253927136
-787.572461522132
-792.734954152806
-797.881628808462
-803.012382794032
-808.12711373212
-813.225719565054
-818.308098556912
-823.374149295561
-828.423770694674
-833.45686199575
-838.473322770126
-843.473052920978
-848.455952685319
-853.421922635991
-858.370863683646
-863.302677078728
-868.217264413439
-873.114527623704
-877.994368991128
-882.856691144947
-887.701397063969
-892.528390078509
-897.337573872321
-902.12885248452
-906.902130311492
-911.657312108807
-916.394302993117
-921.113008444047
-925.813334306088
-930.495186790468
-935.158472477028
-939.803098316085
-944.428971630287
-949.036000116466
-953.624091847476
-958.19315527403
-962.743099226523
-967.273832916858
-971.785265940249
-976.277308277033
-980.74987029446
-985.202862748483
-989.636196785544
-994.049783944337
-998.443536157584
-1002.81736575378
-1007.17118545897
-1011.50490839843
-1015.81844809848
-1020.11171848815
-1024.38463390092
-1028.63710907644
-1032.86905916218
-1037.08039971521
-1041.27104670381
-1045.44091650916
-1049.58992592705
-1053.7179921695
-1057.82503286641
-1061.91096606723
-1065.97571024258
-1070.01918428589
-1074.04130751499
-1078.04199967373
-1082.02118093362
-1085.97877189537
-1089.91469359049
-1093.82886748289
-1097.72121547042
-1101.59165988643
-1105.44012350134
-1109.26652952415
-1113.07080160401
-1116.85286383171
-1120.61264074121
-1124.35005731116
-1128.06503896635
-1131.75751157926
-1135.42740147148
-1139.07463541524
-1142.69914063481
-1146.30084480799
-1149.87967606757
-1153.43556300269
-1156.96843466036
-1160.47822054679
-1163.96485062888
-1167.42825533554
-1170.86836555911
-1174.28511265676
-1177.67842845184
-1181.04824523521
-1184.39449576667
-1187.71711327621
-1191.0160314654
-1194.29118450871
-1197.54250705481
-1200.76993422785
-1203.97340162882
-1207.15284533675
-1210.30820191008
-1213.43940838785
-1216.54640229097
-1219.62912162351
-1222.68750487389
-1225.72149101612
-1228.73101951104
-1231.71603030749
-1234.67646384354
-1237.61226104767
-1240.52336333993
-1243.40971263313
-1246.27125133401
-1249.10792234435
-1251.91966906214
-1254.70643538271
-1257.46816569982
-1260.20480490681
-1262.91629839768
-1265.60259206816
-1268.26363231683
-1270.89936604615
-1273.50974066356
-1276.09470408249
-1278.65420472342
-1281.18819151491
-1283.69661389461
-1286.17942181028
-1288.63656572078
-1291.06799659706
-1293.47366592315
-1295.85352569709
-1298.20752843194
-1300.5356271567
-1302.83777541724
-1305.11392727726
-1307.36403731915
-1309.58806064495
-1311.78595287723
-1313.95767015996
-1316.1031691594
-1318.22240706496
-1320.31534159007
-1322.38193097298
-1324.42213397765
-1326.43590989452
-1328.42321854138
-1330.38402026411
-1332.31827593751
-1334.22594696608
-1336.10699528476
-1337.96138335974
-1339.78907418916
-1341.59003130387
-1343.36421876816
-1345.11160118046
-1346.83214367409
-1348.5258119179
-1350.19257211698
-1351.83239101334
-1353.44523588657
-1355.03107455449
-1356.58987537379
-1358.12160724067
-1359.62623959145
-1361.10374240318
-1362.55408619426
-1363.97724202499
-1365.3731814982
-1366.74187675975
-1368.08330049915
-1369.39742595007
-1370.68422689088
-1371.94367764516
-1373.17575308225
-1374.38042861772
-1375.55768021386
-1376.70748438018
-1377.82981817386
-1378.92465920022
-1379.99198561316
-1381.03177611559
-1382.04400995988
-1383.02866694823
-1383.98572743312
-1384.91517231769
-1385.81698305608
-1386.69114165387
-1387.53763066838
-1388.35643320903
-1389.14753293772
-1389.91091406909
-1390.64656137088
-1391.35446016424
-1392.03459632397
-1392.68695627887
-1393.31152701195
-1393.90829606074
-1394.47725151749
-1395.01838202947
-1395.53167679911
-1396.01712558432
-1396.47471869859
-1396.90444701127
-1397.3063019477
-1397.6802754894
-1398.02636017422
-1398.34454909649
-1398.63483590719
-1398.89721481402
-1399.13168058156
-1399.33822853135
-1399.51685454201
-1399.66755504928
-1399.79032704615
-1399.88516808286
-1399.95207626698
-1399.99105026344
-1400.00208929458
-1399.98519314012
-1399.94036213721
-1399.86759718038
-1399.76689972157
-1399.63827177006
-1399.48171589245
-1399.2972352126
-1399.08483341159
-1398.8445147276
-1398.57628395588
-1398.28014644863
-1397.95610811486
-1397.60417542034
-1397.22435538741
-1396.81665559488
-1396.38108417787
-1395.91764982761
-1395.42636179134
-1394.90722987204
-1394.36026442831
-1393.78547637412
-1393.1828771786
-1392.55247886582
-1391.89429401455
-1391.20833575798
-1390.49461778352
-1389.75315433244
-1388.98396019968
-1388.18705073348
-1387.36244183511
-1386.51014995856
-1385.63019211017
-1384.72258584833
-1383.78734928314
-1382.82450107599
-1381.83406043924
-1380.81604713583
-1379.77048147885
-1378.69738433119
-1377.59677710507
-1376.46868176166
-1375.31312081059
-1374.13011730957
-1372.91969486385
-1371.68187762581
-1370.41669029445
-1369.1241581149
-1367.80430687794
-1366.45716291945
-1365.08275311989
-1363.68110490379
-1362.25224623918
-1360.79620563705
-1359.31301215075
-1357.80269537545
-1356.26528544751
-1354.7008130439
-1353.10930938161
-1351.49080621698
-1349.84533584508
-1348.17293109911
-1346.47362534968
-1344.74745250419
-1342.99444700612
-1341.21464383438
-1339.40807850257
-1337.57478705832
-1335.71480608252
-1333.82817268864
-1331.91492452193
-1329.97509975873
-1328.00873710566
-1326.0158757989
-1323.99655560334
-1321.95081681185
-1319.87870024442
-1317.78024724739
-1315.65549969262
-1313.50449997662
-1311.32729101975
-1309.12391626532
-1306.89441967874
-1304.63884574668
-1302.35723947611
-1300.04964639348
-1297.71611254372
-1295.35668448943
-1292.97140930986
-1290.56033460001
-1288.12350846969
-1285.66097954252
-1283.17279695501
-1280.65901035554
-1278.11966990339
-1275.55482626774
-1272.96453062663
-1270.34883466599
-1267.70779057856
-1265.04145106286
-1262.34986932218
-1259.63309906345
-1256.89119449623
-1254.12421033158
-1251.33220178101
-1248.51522455535
-1245.67333486364
-1242.80658941202
-1239.91504540259
-1236.99876053229
-1234.05779299172
-1231.09220146397
-1228.1020451235
-1225.08738363491
-1222.04827715178
-1218.98478631545
-1215.89697225382
-1212.78489658011
-1209.64862139168
-1206.48820926874
-1203.30372327312
-1200.09522694702
-1196.86278431173
-1193.60645986635
-1190.32631858653
-1187.02242592313
-1183.69484780096
-1180.34365061741
-1176.9689012412
-1173.57066701096
-1170.14901573396
-1166.70401568471
-1163.23573560362
-1159.74424469563
-1156.22961262879
-1152.69190953295
-1149.13120599826
-1145.54757307386
-1141.94108226637
-1138.31180553856
-1134.65981530782
-1130.98518444477
-1127.28798627181
-1123.56829456161
-1119.8261835357
-1116.06172786295
-1112.27500265806
-1108.46608348014
-1104.63504633109
-1100.78196765421
-1096.90692433255
-1093.00999368747
-1089.09125347707
-1085.15078189459
-1081.18865756694
-1077.20495955304
-1073.19976734231
-1069.17316085305
-1065.12522043086
-1061.05602684701
-1056.96566129688
-1052.85420539828
-1048.72174118986
-1044.56835112947
-1040.39411809251
-1036.19912537025
-1031.98345666822
-1027.74719610449
-1023.49042820804
-1019.21323791701
-1014.91571057707
-1010.59793193968
-1006.25998816039
-1001.90196579712
-997.523951808424
-993.126033551766
-988.708298781776
-984.270835648493
-979.813732695613
-975.337078858714
-970.840963463489
-966.325476223961
-961.79070724069
-957.236746998979
-952.663686367068
-948.071616594318
-943.460629309394
-938.830816518434
-934.182270603213
-929.515084319304
-924.82935079422
-920.125163525561
-915.402616379148
-910.661803587148
-905.902819746196
-901.125759815503
-896.330719114969
-891.517793323272
-886.687078475966
-881.838670963562
-876.972667529603
-872.089165268737
-867.188261624777
-862.270054388757
-857.334641696983
-852.382122029071
-847.412594205986
-842.426157388066
-837.422911073048
-832.402955094079
-827.366389617724
-822.31331514197
-817.24383249422
-812.158042829278
-807.056047627335
-801.937948691941
-796.803848147974
-791.653848439604
-786.488052328248
-781.306562890518
-776.109483516167
-770.896917906023
-765.668970069922
-760.425744324633
-755.167345291773
-749.893877895724
-744.605447361536
-739.302159212829
-733.984119269688
-728.651433646549
-723.304208750083
-717.942551277074
-712.566568212288
-707.176366826341
-701.772054673554
-696.353739589812
-690.921529690408
-685.47553336789
-680.015859289894
-674.542616396977
-669.055913900445
-663.555861280173
-658.042568282419
-652.516144917634
-646.976701458271
-641.424348436579
-635.859196642402
-630.281357120965
-624.690941170663
-619.088060340832
-613.472826429531
-607.84535148131
-602.20574778497
-596.554127871324
-590.890604510958
-585.215290711969
-579.528299717721
-573.82974500458
-568.119740279649
-562.398399478503
-556.665836762913
-550.922166518566
-545.167503352788
-539.401962092254
-533.625657780694
-527.838705676604
-522.041221250941
-516.233320184819
-510.415118367205
-504.586731892603
-498.748277058737
-492.899870364233
-487.041628506293
-481.173668378366
-475.296107067817
-469.40906185359
-463.512650203868
-457.606989773726
-451.69219840279
-445.76839411288
-439.835695105656
-433.894219760262
-427.944086630961
-421.985414444771
-416.018322099096
-410.042928659352
-404.059353356594
-398.067715585134
-392.06813490016
-386.06073101535
-380.045623800484
-374.022933279052
-367.992779625859
-361.955283164627
-355.910564365592
-349.858743843104
-343.799942353219
-337.734280791288
-331.661880189545
-325.582861714694
-319.497346665488
-313.405456470313
-307.307312684761
-301.203036989207
-295.092751186378
-288.976577198928
-282.854637066999
-276.727052945791
-270.59394710312
-264.455441916984
-258.311659873113
-252.162723562535
-246.00875567912
-239.849879017139
-233.686216468811
-227.517891021849
-221.345025757012
-215.16774384564
-208.986168547204
-202.800423206846
-196.610631252911
-190.416916194492
-184.219401618961
-178.018211189505
-171.813468642658
-165.605297785832
-159.393822494844
-153.17916671145
-146.961454440866
-140.740809749297
-134.517356761461
-128.291219658111
-122.062522673559
-115.831390093196
-109.59794625101
-103.362315527109
-97.1246223452376
-90.8849911702933
-84.6435465058438
-78.4004128916425
-72.1557149011437
-65.9095771390167
-59.6621242386595
-53.413480859712
-47.1637716855685
-40.9131214208898
-34.661654789115
-28.4094965299726
-22.1567713969917
-15.9036041550126
-9.65011957769729
-3.39644244503974
2.85730245912387
9.11099034960506
15.364496442353
21.6176959569444
27.8704641190733
34.1226761630408
40.3742073342446
46.6249328916684
52.8747281103708
59.123468283974
65.3710287271524
71.6172847781202
77.8621118011189
84.1053851889048
90.3469803652345
96.5867727873513
102.82463794847
109.060451380261
115.294088655335
121.525425389725
127.754337245367
133.980699932584
140.204389212562
146.425280899834
152.643250864754
158.858175035974
165.069929402922
171.278390018275
177.483433000433
183.68493453599
189.882770882203
196.076818369467
202.266953403775
208.45305246919
214.634992130305
220.812649034711
226.985899915455
233.1546215935
239.318690980182
245.47798507967
251.632380991416
257.781755912608
263.925987140623
270.064952075473
276.198528222251
282.326593193576
288.449024712038
294.565700612631
300.676498845199
306.781297476863
312.87997469446
318.972408806973
325.058478247955
331.13806157796
337.211037486962
343.27728479678
349.336682463489
355.389109579844
361.434445377685
367.472569230351
373.503360655086
379.526699315443
385.542465023684
391.55053774318
397.550797590805
403.54312483933
409.527399919808
415.503503423964
421.471316106576
427.430718887853
433.381592855814
439.323819268659
445.257279557137
451.181855326915
457.097428360938
463.003880621789
468.901094254043
474.788951586622
480.667335135137
486.53612760424
492.395211889956
498.244471082027
504.08378846624
509.913047526758
515.732131948447
521.540925619189
527.33931263221
533.127177288383
538.904404098543
544.670877785789
550.426483287782
556.171105759045
561.904630573255
567.626943325523
573.337929834686
579.037476145579
584.725468531312
590.401793495539
596.066337774719
601.718988340382
607.359632401381
612.98815740614
618.604451044906
624.208401251984
629.79989620798
635.378824342023
640.945074333998
646.498535116769
652.039095878386
657.566646064305
663.081075379591
668.582273791118
674.070131529765
679.544539092606
685.005387245097
690.452567023251
695.88596973582
701.305486966454
706.711010575873
712.102432704019
717.479645772213
722.842542485296
728.191015833773
733.524959095952
738.844265840064
744.148829926398
749.438545509407
754.713307039833
759.9730092668
765.217547239925
770.446816311405
775.660712138109
780.859130683658
786.041968220503
791.20912133199
796.360486914431
801.495962179155
806.615444654561
811.718832188164
816.806022948632
821.876915427817
826.931408442783
831.969401137823
836.990792986473
841.995483793514
846.983373696978
851.954363170133
856.908353023476
861.845244406706
866.764938810702
871.667338069484
876.552344362175
881.41986021495
886.269788502983
891.102032452386
895.916495642137
900.713082006006
905.491695834471
910.25224177663
914.994624842098
919.71875040291
924.424524195402
929.111852322098
933.78064125358
938.430797830353
943.062229264709
947.674843142573
952.268547425352
956.843250451765
961.39886093968
965.935287987928
970.452441078123
974.950230076464
979.428565235532
983.887357196089
988.326516988852
992.745956036272
997.145586154303
1001.52531955416
1005.88506884406
1010.224747031
1014.54426752245
1018.84354412811
1023.1224910616
1027.38102294222
1031.61905479661
1035.83650206046
1040.03328058021
1044.20930661469
1048.36449683686
1052.49876833539
1056.61203861638
1060.70422560498
1064.77524764702
1068.82502351064
1072.85347238796
1076.86051389659
1080.84606808136
1084.8100554158
1088.7523968038
1092.67301358117
1096.5718275172
1100.44876081623
1104.30373611919
1108.13667650515
1111.94750549289
1115.73614704235
1119.50252555621
1123.2465658814
1126.96819331054
1130.66733358349
1134.34391288882
1137.99785786526
1141.62909560318
1145.23755364605
1148.82315999187
1152.38584309462
1155.92553186568
1159.44215567525
1162.93564435378
1166.40592819332
1169.85293794896
1173.27660484019
1176.67686055228
1180.05363723763
1183.40686751714
1186.73648448155
1190.04242169276
1193.32461318519
1196.58299346704
1199.81749752167
1203.02806080882
1206.21461926598
1209.37710930958
1212.51546783634
1215.62963222446
1218.71954033493
1221.78513051273
1224.82634158807
1227.84311287761
1230.83538418569
1233.80309580549
1236.74618852026
1239.6646036045
1242.5582828251
1245.42716844252
1248.27120321196
1251.09033038448
1253.88449370812
1256.65363742906
1259.39770629272
1262.11664554483
1264.81040093257
1267.47891870562
1270.12214561725
1272.74002892536
1275.33251639357
1277.89955629223
1280.44109739946
1282.95708900217
1285.44748089709
1287.91222339175
1290.35126730548
1292.76456397039
1295.15206523235
1297.51372345194
1299.84949150539
1302.15932278556
1304.44317120282
1306.700991186
1308.9327376833
1311.13836616318
1313.31783261524
1315.47109355112
1317.59810600536
1319.69882753624
1321.77321622665
1323.8212306849
1325.8428300456
1327.8379739704
1329.80662264885
1331.74873679917
1333.66427766906
1335.55320703644
1337.41548721022
1339.25108103107
1341.05995187215
1342.84206363984
1344.59738077447
1346.32586825101
1348.02749157977
1349.70221680713
1351.35001051617
1352.97083982733
1354.56467239913
1356.13147642875
1357.67122065269
1359.18387434739
1360.66940732987
1362.12778995826
1363.55899313249
1364.9629882948
1366.33974743031
1367.68924306763
1369.01144827936
1370.30633668264
1371.57388243971
1372.81406025835
1374.02684539248
1375.21221364256
1376.37014135615
1377.50060542833
1378.6035833022
1379.67905296928
1380.72699297002
1381.74738239415
1382.74020088116
1383.70542862067
1384.64304635284
1385.55303536875
1386.43537751079
1387.29005517297
1388.11705130135
1388.9163493943
1389.6879335029
1390.43178823121
1391.14789873659
1391.83625073001
1392.49683047632
1393.12962479451
1393.73462105803
1394.31180719498
1394.86117168836
1395.38270357634
1395.87639245244
1396.34222846576
1396.78020232114
1397.19030527942
1397.57252915752
1397.92686632868
1398.25330972256
1398.55185282543
1398.82248968025
1399.06521488681
1399.28002360187
1399.46691153919
1399.62587496968
1399.75691072143
1399.86001617979
1399.93518928744
1399.9824285444
1400.00173300806
1399.99310229324
1399.95653657214
1399.8920365744
1399.79960358701
1399.67923945435
1399.53094657815
1399.35472791737
1399.15058698824
1398.91852786411
1398.65855517541
1398.37067410956
1398.05489041084
1397.7112103803
1397.33964087561
1396.94018931096
1396.51286365686
1396.05767244003
1395.57462474322
1395.063730205
1394.52499901959
1393.95844193666
1393.36407026111
1392.74189585282
1392.09193112648
1391.41418905125
1390.7086831506
1389.97542750194
1389.21443673644
1388.42572603864
1387.60931114622
1386.76520834967
1385.89343449193
1384.9940069681
1384.06694372505
1383.11226326111
1382.12998462567
1381.12012741878
1380.0827117908
1379.01775844201
1377.92528862211
1376.80532412991
1375.65788731281
1374.48300106639
1373.28068883394
1372.05097460602
1370.79388291993
1369.50943885929
1368.19766805346
1366.85859667709
1365.49225144958
1364.09865963454
1362.67784903924
1361.22984801408
1359.75468545198
1358.25239078788
1356.72299399807
1355.16652559962
1353.58301664981
1351.97249874546
1350.33500402231
1348.67056515441
1346.97921535341
1345.26098836798
1343.51591848304
1341.74404051916
1339.94538983181
1338.12000231067
1336.26791437894
1334.38916299258
1332.48378563958
1330.55182033922
1328.5933056413
1326.6082806254
1324.59678490004
1322.55885860196
1320.49454239529
1318.4038774707
1316.28690554466
1314.14366885852
1311.97421017774
1309.77857279098
1307.55680050928
1305.30893766516
1303.03502911175
1300.73512022186
1298.40925688714
1296.05748551711
1293.67985303824
1291.27640689303
1288.84719503908
1286.39226594808
1283.91166860488
1281.40545250653
1278.87366766123
1276.31636458739
1273.73359431262
1271.12540837267
1268.49185881042
1265.83299817487
1263.14887952007
1260.43955640402
1257.7050828877
1254.94551353389
1252.16090340614
1249.35130806765
1246.51678358017
1243.65738650289
1240.77317389127
1237.86420329596
1234.93053276162
1231.97222082573
1228.98932651751
1225.98190935664
1222.95002935216
1219.8937470012
1216.81312328784
1213.70821968182
1210.5790981374
1207.42582109203
1204.24845146518
1201.04705265705
1197.82168854732
1194.57242349383
1191.29932233138
1188.00245037035
1184.68187339545
1181.3376576644
1177.96986990658
1174.57857732174
1171.16384757862
1167.72574881363
1164.26434962947
1160.77971909378
1157.27192673772
1153.74104255466
1150.1871369987
1146.61028098332
1143.01054587993
1139.38800351648
1135.742726176
1132.07478659517
1128.38425796285
1124.67121391865
1120.93572855145
1117.1778763979
1113.39773244095
1109.59537210838
1105.77087127124
1101.92430624237
1098.05575377488
1094.1652910606
1090.25299572856
1086.31894584343
1082.36321990396
1078.3858968414
1074.38705601798
1070.36677722526
1066.32514068257
1062.26222703541
1058.17811735384
1054.07289313085
1049.94663628074
1045.79942913751
1041.63135445316
1037.44249539612
1033.2329355495
1029.00275890949
1024.75204988365
1020.48089328926
1016.18937435158
1011.87757870218
1007.54559237722
1003.19350181575
998.82139385796
994.429355743478
990.017475109598
985.585839989547
981.134538810729
976.663660392959
972.173293946687
967.663529071223
963.134455752946
958.586164363508
954.018745658036
949.432290773314
944.826891225968
940.202638910641
935.559626098157
930.89794543368
926.217689934869
921.518952990016
916.801828356188
912.066410157354
907.312792882504
902.541071383771
897.751340874529
892.943696927501
888.118235472848
883.275052796256
878.414245537015
873.535910686088
868.64014558418
863.727047919794
858.796715727278
853.849247384876
848.88474161276
843.903297471059
838.905014357888
833.889992007359
828.858330487594
823.810130198729
818.745491870907
813.664516562272
808.567305656949
803.453960863025
798.324584210515
793.179278049331
788.018145047234
782.841288187793
777.648810768321
772.440816397822
767.217408994918
761.97869278578
756.724772302044
751.455752378728
746.171738152138
740.872835057773
735.559148828219
730.230785491041
724.887851366664
719.530453066255
714.158697489594
708.772691822943
703.372543536903
697.958360384275
692.530250397905
687.088321888531
681.632683442622
676.163443920211
670.68071245272
665.184598440787
659.675211552082
654.152661719114
648.617059137045
643.068514261485
637.50713780629
631.933040741354
626.346334290396
620.747129928734
615.135539381069
609.51167461925
603.875647860043
598.227571562889
592.567558427663
586.895721392424
581.212173631159
575.517028551528
569.810399792603
564.092401222593
558.363146936579
552.622751254235
546.871328717546
541.108994088524
535.335862346917
529.552048687914
523.75766851985
517.952837461898
512.137671341766
506.312286193385
500.476798254592
494.631323964812
488.775979962734
482.910883083987
477.036150358801
471.15189900968
465.258246449058
459.355310276958
453.443208278647
447.52205842228
441.591978856553
435.653087908343
429.705504080343
423.749346048705
417.784732660665
411.811782932176
405.83061604553
399.841351346983
393.844108344372
387.83900670473
381.826166251899
375.805706964137
369.777748971729
363.742412554585
357.69981813984
351.650086299456
345.593337747811
339.529693339291
333.459274065883
327.382201054755
321.298595565842
315.208578989425
309.112272843713
303.00979877241
296.901278542298
290.786834040798
284.666587273545
278.540660361948
272.409175540757
266.272255155623
260.130021660656
253.982597615981
247.830105685297
241.672668633422
235.51040932385
229.343450716294
223.171915864238
216.995927912479
210.815610094667
204.63108573085
198.442478225014
192.249911062616
186.053507808124
179.853392102549
173.649687660982
167.442518270118
161.232007785795
155.018280130514
148.801459290973
142.581669315591
136.359034312029
130.133678444719
123.905725932385
117.675301045562
111.442528104118
105.207531474774
98.9704355686219
92.7313648386408
86.4904437772157
80.2477969136525
74.0035488116927
67.7578240670289
61.5107473048179
55.2624431771941
49.0130363607826
42.762651554211
36.5114134756215
30.2594468601823
24.0068764575984
17.7538270296226
11.5004233475661
5.24679018980871
-1.0069476606908
-7.26066541888473
-13.5142383001263
-19.7675415226595
-26.020450310109
-32.2728398939699
-38.5245855160975
-44.7755624311963
-51.0256459093093
-57.274711238307
-63.5226337263757
-69.7692887045053
-76.0145515289777
-82.2582975838529
-88.5004022834563
-94.7407410748641
-100.979189440389
-107.215622900065
-113.449917014131
-119.681947385512
-125.911589662305
-132.138719540258
-138.363212765249
-144.584945135768
-150.803792505396
-157.019630785276
-163.232335946598
-169.441784023066
-175.647851113377
-181.850413383689
-188.049347070096
-194.244528481094
-200.435834000052
-206.623140087676
-212.806323284477
-218.985260213232
-225.159827581445
-231.329902183811
-237.495360904671
-243.656080720472
-249.811938702216
-255.96281201792
-262.10857793506
-268.249113823025
-274.384297155564
-280.514005513227
-286.638116585809
-292.756508174794
-298.869058195789
-304.975644680963
-311.076145781478
-317.170439769923
-323.25840504274
-329.339920122655
-335.414863661095
-341.483114440618
-347.544551377324
-353.599053523275
-359.646500068908
-365.686770345444
-371.719743827298
-377.745300134483
-383.763319035011
-389.773680447293
-395.776264442537
-401.770951247136
-407.757621245063
-413.736154980256
-419.706433158998
-425.668336652306
-431.621746498299
-437.566543904576
-443.502610250587
-449.429827089997
-455.348076153053
-461.25723934894
-467.157198768143
-473.047836684792
-478.929035559017
-484.800678039293
-490.662646964777
-496.514825367653
-502.357096475458
-508.189343713417
-514.011450706771
-519.823301283092
-525.624779474608
-531.415769520512
-537.196155869276
-542.965823180954
-548.724656329484
-554.472540404985
-560.209360716051
-565.935002792039
-571.649352385352
-577.352295473719
-583.043718262473
-588.723507186817
-594.391548914093
-600.047730346043
-605.691938621065
-611.324061116467
-616.943985450711
-622.551599485657
-628.146791328803
-633.729449335512
-639.299462111246
-644.856718513784
-650.401107655443
-655.932518905288
-661.45084189134
-666.955966502781
-672.447782892148
-677.926181477525
-683.391052944732
-688.842288249504
-694.279778619668
-699.703415557312
-705.113090840951
-710.508696527689
-715.890124955365
-721.257268744711
-726.610020801488
-731.948274318626
-737.271922778352
-742.58085995432
-747.874979913726
-753.154177019427
-758.418345932042
-763.66738161206
-768.901179321934
-774.119634628168
-779.322643403406
-784.510101828506
-789.681906394611
-794.83795390522
-799.978141478239
-805.10236654804
-810.210526867506
-815.302520510069
-820.378245871748
-825.437601673172
-830.480486961604
-835.506801112953
-840.516443833785
-845.50931516332
-850.48531547543
-855.444345480628
-860.386306228042
-865.3110991074
-870.218625850987
-875.108788535614
-879.981489584568
-884.83663176956
-889.674118212663
-894.493852388251
-899.295738124916
-904.079679607396
-908.845581378481
-913.593348340919
-918.322885759315
-923.03409926202
-927.726894843015
-932.401178863786
-937.056858055192
-941.693839519327
-946.312030731373
-950.911339541449
-955.491674176443
-960.052943241852
-964.595055723598
-969.117920989847
-973.621448792822
-978.105549270594
-982.570132948883
-987.015110742842
-991.440393958831
-995.845894296191
-1000.231523849
-1004.59719510784
-1008.94282096153
-1013.26831469887
-1017.57359001035
-1021.85856098993
-1026.12314213668
-1030.36724835654
-1034.590794964
-1038.79369768379
-1042.97587265256
-1047.13723642054
-1051.27770595325
-1055.39719863309
-1059.49563226106
-1063.57292505835
-1067.62899566799
-1071.66376315645
-1075.67714701532
-1079.66906716282
-1083.6394439455
-1087.58819813974
-1091.51525095339
-1095.42052402731
-1099.30393943697
-1103.16541969395
-1107.00488774754
-1110.82226698623
-1114.6174812393
-1118.39045477826
-1122.14111231844
-1125.86937902044
-1129.57518049163
-1133.25844278767
-1136.91909241393
-1140.55705632701
-1144.17226193615
-1147.76463710474
-1151.33411015167
-1154.88060985285
-1158.40406544258
-1161.90440661497
-1165.38156352536
-1168.83546679169
-1172.26604749589
-1175.67323718529
-1179.05696787393
-1182.41717204394
-1185.7537826469
-1189.06673310519
-1192.35595731326
-1195.621389639
-1198.86296492504
-1202.08061849005
-1205.27428613001
-1208.44390411952
-1211.58940921305
-1214.71073864622
-1217.80783013705
-1220.88062188717
-1223.9290525831
-1226.95306139745
-1229.95258799012
-1232.92757250955
-1235.87795559387
-1238.80367837208
-1241.70468246527
-1244.58090998775
-1247.43230354821
-1250.25880625088
-1253.06036169664
-1255.83691398416
-1258.58840771103
-1261.31478797483
-1264.01600037427
-1266.69199101023
-1269.34270648686
-1271.96809391265
-1274.56810090148
-1277.14267557366
-1279.69176655695
-1282.21532298763
-1284.71329451148
-1287.18563128478
-1289.63228397534
-1292.05320376344
-1294.44834234284
-1296.81765192172
-1299.16108522365
-1301.47859548853
-1303.77013647351
-1306.03566245393
-1308.27512822422
-1310.48848909882
-1312.67570091303
-1314.83672002396
-1316.97150331132
-1319.08000817834
-1321.16219255262
-1323.21801488691
-1325.24743416001
-1327.25040987755
-1329.22690207281
-1331.17687130749
-1333.10027867256
-1334.99708578896
-1336.86725480843
-1338.71074841423
-1340.52752982187
-1342.31756277991
-1344.08081157059
-1345.81724101064
-1347.5268164519
-1349.20950378207
-1350.86526942534
-1352.49408034311
-1354.09590403462
-1355.6707085376
-1357.21846242891
-1358.73913482517
-1360.23269538339
-1361.69911430155
-1363.13836231919
-1364.55041071803
-1365.93523132252
-1367.29279650041
-1368.62307916326
-1369.92605276707
-1371.20169131272
-1372.44996934652
-1373.67086196076
-1374.86434479413
-1376.03039403227
-1377.16898640821
-1378.28009920286
-1379.36371024541
-1380.41979791387
-1381.44834113539
-1382.44931938676
-1383.42271269479
-1384.36850163669
-1385.28666734052
-1386.17719148549
-1387.04005630237
-1387.87524457383
-1388.68273963481
-1389.4625253728
-1390.21458622823
-1390.93890719471
-1391.63547381937
-1392.30427220315
-1392.94528900108
-1393.5585114225
-1394.14392723138
-1394.70152474652
-1395.2312928418
-1395.7332209464
-1396.20729904501
-1396.65351767804
-1397.07186794178
-1397.4623414886
-1397.82493052713
-1398.15962782238
-1398.4664266959
-1398.74532102594
-1398.99630524753
-1399.21937435262
-1399.41452389014
-1399.58174996615
-1399.72104924389
-1399.8324189438
-1399.91585684367
-1399.9713612786
-1399.99893114107
-1399.99856588095
-1399.97026550555
-1399.91403057955
-1399.82986222505
-1399.71776212152
-1399.57773250576
-1399.40977617188
-1399.21389647123
-1398.99009731232
-1398.73838316078
-1398.45875903922
-1398.15123052717
-1397.81580376096
-1397.45248543359
-1397.06128279458
-1396.64220364987
-1396.19525636162
-1395.72044984809
-1395.21779358339
-1394.68729759738
-1394.1289724754
-1393.54282935807
-1392.92887994112
-1392.28713647509
-1391.61761176512
-1390.92031917068
-1390.19527260533
-1389.44248653641
-1388.66197598476
-1387.85375652445
-1387.01784428241
-1386.15425593817
-1385.26300872349
-1384.34412042203
-1383.39760936898
-1382.42349445072
-1381.42179510441
-1380.39253131765
-1379.33572362802
-1378.25139312272
-1377.13956143813
-1376.00025075937
-1374.83348381989
-1373.63928390097
-1372.41767483128
-1371.16868098641
-1369.89232728838
-1368.58863920514
-1367.25764275005
-1365.89936448138
-1364.51383150178
-1363.10107145771
-1361.66111253894
-1360.19398347793
-1358.6997135493
-1357.17833256922
-1355.62987089484
-1354.05435942365
-1352.45182959289
-1350.82231337894
-1349.16584329661
-1347.48245239857
-1345.77217427467
-1344.03504305122
-1342.27109339039
-1340.48036048945
-1338.66288008009
-1336.81868842774
-1334.94782233078
-1333.05031911988
-1331.12621665719
-1329.17555333564
-1327.1983680781
-1325.19470033671
-1323.16459009199
-1321.1080778521
-1319.02520465202
-1316.91601205271
-1314.78054214033
-1312.61883752534
-1310.43094134169
-1308.21689724595
-1305.97674941643
-1303.71054255232
-1301.41832187276
-1299.10013311599
-1296.75602253838
-1294.38603691355
-1291.99022353144
-1289.5686301973
-1287.12130523084
-1284.64829746516
-1282.14965624588
-1279.62543143005
-1277.07567338525
-1274.5004329885
-1271.89976162532
-1269.27371118865
-1266.62233407786
-1263.94568319765
-1261.24381195705
-1258.51677426832
-1255.76462454587
-1252.9874177052
-1250.18520916181
-1247.35805483003
-1244.506011122
-1241.62913494645
-1238.72748370764
-1235.80111530418
-1232.85008812786
-1229.87446106252
-1226.87429348286
-1223.84964525323
-1220.80057672649
-1217.72714874276
-1214.62942262821
-1211.50746019386
-1208.36132373434
-1205.19107602662
-1201.99678032881
-1198.77850037882
-1195.53630039318
-1192.27024506568
-1188.98039956613
-1185.66682953903
-1182.32960110228
-1178.96878084586
-1175.58443583046
-1172.17663358621
-1168.74544211129
-1165.29092987058
-1161.81316579427
-1158.31221927656
-1154.78816017417
-1151.24105880505
-1147.67098594689
-1144.07801283576
-1140.46221116468
-1136.82365308219
-1133.16241119087
-1129.47855854596
-1125.77216865386
-1122.04331547066
-1118.29207340069
-1114.51851729499
-1110.7227224499
-1106.90476460545
-1103.06471994393
-1099.20266508835
-1095.31867710089
-1091.41283348138
-1087.48521216575
-1083.53589152448
-1079.56495036103
-1075.57246791025
-1071.55852383686
-1067.52319823377
-1063.46657162056
-1059.38872494184
-1055.28973956563
-1051.16969728175
-1047.02868030018
-1042.86677124942
-1038.68405317486
-1034.48060953708
-1030.25652421023
-1026.01188148034
-1021.74676604362
-1017.46126300479
-1013.15545787539
-1008.82943657205
-1004.48328541479
-1000.1170911253
-995.730940825182
-991.324922034265
-986.899122668808
-982.453631039769
-977.988535851041
-973.503926197679
-968.999891564121
-964.476521822408
-959.933907230387
-955.372138429908
-950.791306445021
-946.191502680154
-941.572818918294
-936.935347319151
-932.279180417322
-927.604411120446
-922.911132707346
-918.199438826171
-913.469423492524
-908.721181087591
-903.954806356255
-899.170394405204
-894.368040701034
-889.547841068349
-884.70989168784
-879.854289094373
-874.981130175061
-870.090512167329
-865.182532656976
-860.257289576227
-855.314881201775
-850.35540615283
-845.378963389139
-840.38565220902
-835.375572247379
-830.348823473718
-825.305506190145
-820.24572102937
-815.169568952697
-810.077151248012
-804.968569527758
-799.843925726911
-794.703322100944
-789.546861223786
-784.374645985778
-779.186779591618
-773.983365558302
-768.764507713058
-763.530310191276
-758.280877434428
-753.016314187984
-747.736725499326
-742.442216715644
-737.132893481843
-731.80886173843
-726.470227719398
-721.117097950112
-715.74957924518
-710.36777870632
-704.971803720228
-699.561761956431
-694.137761365139
-688.699910175094
-683.248316891406
-677.783090293392
-672.304339432402
-666.812173629647
-661.306702474014
-655.78803581988
-650.256283784923
-644.711556747919
-639.153965346547
-633.583620475174
-628.000633282648
-622.405115170075
-616.797177788602
-611.176933037183
-605.544493060352
-599.899970245981
-594.24347722304
-588.575126859347
-582.895032259319
-577.203306761713
-571.500063937366
-565.785417586926
-560.059481738586
-554.322370645803
-548.574198785024
-542.815080853397
-537.045131766486
-531.264466655974
-525.47320086737
-519.671449957704
-513.859329693225
-508.036956047087
-502.204445197036
-496.361913523094
-490.509477605235
-484.647254221058
-478.775360343459
-472.893913138296
-467.003029962049
-461.102828359483
-455.193426061298
-449.274940981782
-443.347491216459
-437.411195039731
-431.466170902516
-425.512537429891
-419.550413418717
-413.579917835276
-407.60116981289
-401.61428864955
-395.619393805533
-389.616604901017
-383.606041713696
-377.58782417639
-371.562072374651
-365.528906544368
-359.488447069365
-353.440814479005
-347.386129445776
-341.324512782892
-335.256085441876
-329.180968510152
-323.099283208623
-317.011150889256
-310.91669303266
-304.816031245662
-298.709287258879
-292.596582924293
-286.478040212813
-280.353781211847
-274.223928122865
-268.088603258958
-261.9479290424
-255.802028002203
-249.651022771674
-243.495036085969
-237.334190779639
-231.168609784186
-224.998416125603
-218.823732921925
-212.644683380768
-206.461390796875
-200.273978549651
-194.082570100705
-187.887288991383
-181.688258840306
-175.485603340903
-169.279446258941
-163.069911430056
-156.857122757283
-150.641204208584
-144.422279814372
-138.200473665038
-131.975909908476
-125.748712747603
-119.519006437882
-113.286915284844
-107.052563641605
-100.816075906386
-94.5775765200332
-88.3371899635297
-82.0950407555161
-75.8512534498043
-69.605952632892
-63.3592629214771
-57.1113089599711
-50.8622154180119
-44.6121069879761
-38.3611083824912
-32.109344331947
-25.8569395820066
-19.6040188911174
-13.3507070280219
-7.09712876926774
-0.843408896718243
5.41032780493761
11.663956550675
17.9173525576233
24.1703910475558
30.4229472493796
36.6748964016251
42.9261137549358
49.1764745745572
55.4258541428256
61.6741277616571
67.9211707550355
74.1668584715
80.4110662866327
86.653669605545
92.8945438653642
99.1335645377183
105.370607131221
111.605547193957
117.838260315964
124.068622131713
130.296508322595
136.521794619399
142.744356804789
148.964070715786
155.180812246246
161.394457349333
167.604882039997
173.811962397448
180.015574567625
186.215594765674
192.411899278409
198.60436446679
204.792866768385
210.977282699833
217.157488859314
223.333361929009
229.504778677557
235.67161596252
241.833750732835
247.991060031272
254.143420996889
260.290710867478
266.432806982019
272.569586783129
278.700927819502
284.826707748357
290.946804337876
297.061095469646
303.169459141094
309.271773467921
315.367916686534
321.457767156479
327.541203362863
333.618103918782
339.688347567741
345.751813186076
351.808379785371
357.857926514867
363.900332663881
369.935477664209
375.963241092533
381.983502672826
387.996142278749
394.00103993605
399.998075824959
405.987130282574
411.968083805255
417.940817051002
423.905210841842
429.861146166206
435.808504181299
441.747166215478
447.677013770615
453.597928524463
459.50979233302
465.412487232879
471.30589544359
477.189899370006
483.064381604628
488.929224929954
494.784312320808
500.629526946686
506.464752174078
512.289871568802
518.104768898322
523.909328134073
529.703433453769
535.486969243721
541.25982010114
547.02187083644
552.773006475539
558.51311226215
564.24207366007
569.959776355473
575.666106259179
581.360949508942
587.044192471715
592.715721745918
598.375424163705
604.023186793218
609.65889694084
615.282442153447
620.893710220651
626.492589177036
632.078967304395
637.65273313396
643.213775448623
648.761983285157
654.297245936431
659.819452953616
665.328494148394
670.82425959515
676.306639633172
681.775524868834
687.230806177782
692.67237470711
698.100121877532
703.513939385549
708.913719205611
714.299353592271
719.670735082333
725.027756497003
730.370310944019
735.698291819791
741.011592811524
746.310107899341
751.593731358399
756.862357760995
762.115881978676
767.354199184331
772.577204854283
777.784794770381
782.976865022071
788.153312008475
793.314032440456
798.45892334268
803.587882055669
808.700806237854
813.79759386761
818.878143245297
823.942352995288
828.990122067992
834.021349741869
839.035935625442
844.033779659296
849.01478211808
853.978843612495
858.925865091274
863.855747843162
868.768393498885
873.663704033112
878.541581766411
883.4019293672
888.244649853685
893.069646595799
897.87682331713
902.666084096839
907.437333371577
912.190475937391
916.925416951621
921.642061934798
926.340316772524
931.020087717353
935.68128139066
940.323804784504
944.947565263487
949.552470566599
954.138428809058
958.705348484148
963.253138465042
967.781708006621
972.290966747282
976.780824710746
981.25119230785
985.701980338335
990.133099992627
994.544462853608
998.93598089838
1003.30756650002
1007.65913242934
1011.99059185661
1016.30185835329
1020.59284589378
1024.86346885712
1029.11364202868
1033.34328060189
1037.55230017992
1041.74061677737
1045.90814682193
1050.05480715606
1054.18051503866
1058.2851881467
1062.36874457686
1066.43110284719
1070.47218189871
1074.49190109706
1078.49018023406
1082.46693952935
1086.42209963198
1090.35558162197
1094.2673070119
1098.15719774848
1102.02517621409
1105.87116522836
1109.69508804966
1113.49686837669
1117.27643034997
1121.03369855334
1124.76859801551
1128.48105421149
1132.17099306416
1135.83834094567
1139.48302467896
1143.1049715392
1146.70410925523
1150.28036601105
1153.83367044718
1157.36395166214
1160.87113921386
1164.35516312106
1167.81595386466
1171.25344238916
1174.66756010405
1178.05823888513
1181.42541107589
1184.76900948889
1188.08896740705
1191.38521858501
1194.65769725045
1197.90633810539
1201.13107632752
1204.33184757145
1207.50858797005
1210.66123413566
1213.78972316142
1216.89399262247
1219.97398057724
1223.02962556864
1226.06086662532
1229.06764326291
1232.04989548514
1235.00756378514
1237.94058914655
1240.84891304475
1243.73247744797
1246.59122481853
1249.4250981139
1252.2340407879
1255.0179967918
1257.77691057546
1260.5107270884
1263.21939178095
1265.90285060528
1268.56105001654
1271.19393697388
1273.80145894153
1276.38356388985
1278.94020029635
1281.47131714675
1283.97686393597
1286.45679066914
1288.91104786261
1291.33958654494
1293.74235825784
1296.11931505721
1298.47040951402
1300.79559471529
1303.09482426503
1305.36805228518
1307.61523341647
1309.83632281939
1312.03127617505
1314.20004968606
1316.34260007741
1318.45888459736
1320.54886101826
1322.61248763739
1324.64972327782
1326.66052728923
1328.64485954867
1330.60268046143
1332.53395096178
1334.4386325138
1336.31668711207
1338.16807728252
1339.9927660831
1341.79071710457
1343.5618944712
1345.3062628415
1347.0237874089
1348.71443390248
1350.37816858763
1352.01495826673
1353.62477027981
1355.20757250522
1356.76333336022
1358.29202180167
1359.79360732663
1361.26805997294
1362.71535031985
1364.13544948862
1365.52832914303
1366.89396149002
1368.23231928022
1369.54337580845
1370.82710491434
1372.08348098277
1373.31247894441
1374.51407427625
1375.68824300204
1376.8349616928
1377.95420746728
1379.04595799241
1380.11019148377
1381.14688670598
1382.15602297316
1383.13758014934
1384.09153864884
1385.01787943669
1385.91658402899
1386.78763449328
1387.63101344889
1388.44670406732
1389.23469007255
1389.99495574136
1390.72748590366
1391.43226594277
1392.10928179575
1392.75851995365
1393.37996746177
1393.97361191996
1394.53944148282
1395.07744485998
1395.5876113163
1396.06993067207
1396.52439330326
1396.95099014167
1397.34971267512
1397.72055294763
1398.06350355958
1398.37855766784
1398.66570898592
1398.92495178411
1399.15628088955
1399.35969168637
1399.5351801158
1399.68274267618
1399.80237642311
1399.89407896944
1399.95784848538
1399.99368369849
1400.00158389372
1399.98154891345
1399.93357915743
1399.85767558285
1399.75383970425
1399.62207359355
1399.46237987996
1399.27476174997
1399.05922294723
1398.81576777254
1398.54440108373
1398.24512829556
1397.91795537962
1397.56288886421
1397.17993583422
1396.76910393096
1396.33040135205
1395.8638368512
1395.36941973809
1394.84715987817
1394.29706769243
1393.71915415724
1393.1134308041
1392.4799097194
1391.81860354423
1391.12952547407
1390.41268925857
1389.66810920123
1388.89580015917
1388.09577754278
1387.26805731547
1386.41265599328
1385.52959064462
1384.61887888989
1383.68053890113
1382.71458940168
1381.72104966577
1380.69993951817
1379.65127933378
1378.57509003723
1377.47139310245
1376.34021055224
1375.18156495785
1373.99547943853
1372.78197766103
1371.54108383917
1370.27282273335
1368.97721965003
1367.65430044125
1366.30409150412
1364.92661978026
1363.5219127553
1362.0899984583
1360.63090546121
1359.1446628783
1357.63130036557
1356.09084812017
1354.52333687977
1352.92879792198
1351.30726306371
1349.65876466055
1347.98333560609
1346.2810093313
1344.55181980384
1342.7958015274
1341.01298954099
1339.20341941826
1337.36712726679
1335.50414972735
1333.61452397318
1331.69828770927
1329.75547917157
1327.78613712624
1325.79030086891
1323.76801022382
1321.71930554312
1319.64422770598
1317.54281811784
1315.41511870954
1313.26117193649
1311.08102077785
1308.87470873565
1306.64227983392
1304.38377861781
1302.09925015273
1299.78874002341
1297.45229433302
1295.08995970223
1292.7017832683
1290.28781268412
1287.84809611728
1285.38268224909
1282.8916202736
1280.37495989667
1277.83275133491
1275.26504531472
1272.67189307127
1270.05334634748
1267.40945739298
1264.74027896306
1262.04586431764
1259.32626722019
1256.58154193667
1253.81174323444
1251.01692638115
1248.19714714366
1245.35246178694
1242.48292707291
1239.58860025933
1236.66953909865
1233.72580183687
1230.75744721237
1227.76453445472
1224.74712328353
1221.70527390724
1218.63904702193
1215.54850381008
1212.43370593938
1209.29471556151
1206.13159531085
1202.94440830326
1199.73321813485
1196.49808888066
1193.23908509339
1189.95627180216
1186.64971451114
1183.3194791983
1179.96563231408
1176.58824078005
1173.18737198756
1169.76309379646
1166.31547453367
1162.84458299186
1159.35048842808
1155.83326056234
1152.29296957627
1148.72968611168
1145.14348126917
1141.5344266067
1137.90259413817
1134.24805633198
1130.57088610959
1126.87115684406
1123.14894235857
1119.40431692499
1115.63735526235
1111.84813253538
1108.03672435299
1104.20320676678
1100.34765626951
1096.47014979357
1092.57076470948
1088.64957882428
1084.70667038005
1080.7421180523
1076.7560009484
1072.74839860605
1068.71939099164
1064.66905849866
1060.59748194614
1056.50474257699
1052.39092205639
1048.25610247018
1044.10036632321
1039.92379653767
1035.72647645148
1031.50848981661
1027.26992079737
1023.01085396879
1018.73137431492
1014.43156722708
1010.11151850223
1005.77131434122
1001.41104134706
997.03078652322
992.630637271881
988.210681392185
983.771007078493
979.311702918619
974.832857892065
970.334561368247
965.816903104707
961.279973245327
956.723862318527
952.14866123546
947.554461288198
942.94135414791
938.309431863034
933.658786857437
928.989511928576
924.301700245639
919.595445347696
914.870841141822
910.127981901231
905.366962263391
900.587877228137
895.790822155775
890.975892765179
886.143185131881
881.292795686155
876.424821211092
871.539358840669
866.63650605781
861.716360692442
856.779020919543
851.824585257183
846.853152564556
841.864822040011
836.859693219071
831.837865972444
826.799440504037
821.744517348949
816.673197371469
811.585581763066
806.481772040363
801.361870043117
796.225977932184
791.074198187482
785.906633605946
780.723387299476
775.52456269288
770.310263521811
765.080593830696
759.83565797066
754.575560597444
749.300406669318
744.010301444985
738.705350481481
733.385659632069
728.051335044128
722.702483157032
717.33921070003
711.961624690112
706.569832429879
701.163941505395
695.744059784049
690.310295412393
684.862756813993
679.401552687258
673.926792003276
668.438584003639
662.937038198261
657.422264363195
651.894372538441
646.353473025751
640.799676386431
635.233093439127
629.653835257624
624.062013168621
618.457738749515
612.84112382617
607.212280470693
601.571320999189
595.918357969526
590.253504179087
584.576872662519
578.888576689477
573.188729762366
567.477445614075
561.754838205708
556.021021724308
550.276110580581
544.520219406613
538.753463053581
532.975956589463
527.18781529674
521.389154670098
515.580090414122
509.760738440987
503.931214868149
498.091636016019
492.242118405653
486.38277875642
480.513733983673
474.63510119642
468.746997694984
462.849540968666
456.942848693394
451.027038729382
445.102229118775
439.168538083295
433.226084021877
427.274985508316
421.315361288892
415.347330280005
409.371011565802
403.386524395798
397.393988182503
391.393522499031
385.385247076719
379.369281802738
373.345746717698
367.314762013258
361.27644802972
355.230925253636
349.178314315396
343.118735986827
337.052311178782
330.979160938725
324.899406448317
318.813169020999
312.720570099569
306.621731253762
300.516774177821
294.40582068807
288.288992720485
282.166412328258
276.038201679363
269.904483054121
263.765378842753
257.621011542945
251.471503757401
245.316978191395
239.157557650326
232.993365037264
226.824523350502
220.651155681095
214.473385210412
208.291335207671
202.105129027485
195.914890107396
189.720741965415
183.522808197557
177.321212475372
171.11607854348
164.907530217104
158.695691379594
152.480685979958
146.262638030389
140.04167160379
133.817910831299
127.59147989981
121.362503049498
115.131104571338
108.897408804625
102.661540134493
96.4236229894346
90.1837818388158
83.9421411903944
77.6988255878343
71.4539596082213
65.2076678595765
58.9600749783706
52.7113056270367
46.4614844914826
40.2107362786032
33.959185713792
27.7069575384522
21.4541765075082
15.2009673869154
8.94745495117163
2.69376398082664
-3.55998074000724
-9.81365442614521
-16.0671322938199
-22.3202895631711
-28.5730014607359
-34.825143221938
-41.0765900935777
-47.3272173363206
-53.576900227187
-59.8255140620406
-66.0729341580766
-72.3190358563097
-78.5636945240615
-84.8067855574472
-91.0481843838623
-97.2877664644679
-103.525407296676
-109.760982416633
-115.994367401706
-122.225437872959
-128.454069497645
-134.680137991675
-140.903519122108
-147.124088709624
-153.341722631004
-159.556296821606
-165.767687277842
-171.97577005965
-178.180421292968
-184.381517172208
-190.578933962722
-196.772548003274
-202.962235708509
-209.147873571413
-215.329338165784
-221.506506148691
-227.679254262938
-233.847459339518
-240.010998300077
-246.169748159368
-252.3235860277
-258.4723891134
-264.616034725252
-270.754400274954
-276.887363279559
-283.014801363922
-289.13659226314
-295.25261382499
-301.362744012372
-307.466860905737
-313.564842705527
-319.656567734599
-325.741914440656
-331.820761398673
-337.892987313318
-343.958471021372
-350.017091494151
-356.068727839915
-362.113259306284
-368.150565282646
-374.180525302564
-380.203019046182
-386.21792634262
-392.225127172378
-398.224501669728
-404.215930125105
-410.199292987499
-416.174470866834
-422.14134453636
-428.099794935022
-434.049703169843
-439.990950518292
-445.923418430654
-451.846988532398
-457.761542626536
-463.666962695982
-469.563130905908
-475.449929606095
-481.327241333278
-487.194948813495
-493.052934964422
-498.901082897712
-504.739275921326
-510.567397541862
-516.38533146688
-522.192961607223
-527.99017207933
-533.776847207552
-539.55287152646
-545.318129783144
-551.072506939521
-556.815888174623
-562.548158886892
-568.269204696466
-573.978911447461
-579.677165210247
-585.363852283727
-591.038859197598
-596.702072714621
-602.35337983288
-607.992667788032
-613.619824055564
-619.234736353031
-624.837292642304
-630.427381131799
-636.004890278713
-641.569708791243
-647.121725630815
-652.660830014294
-658.186911416195
-663.699859570889
-669.199564474807
-674.685916388627
-680.15880583947
-685.618123623085
-691.063760806022
-696.49560872781
-701.913559003127
-707.317503523957
-712.707334461753
-718.082944269582
-723.444225684279
-728.79107172858
-734.123375713263
-739.441031239269
-744.743932199833
-750.031972782598
-755.305047471723
-760.563051049994
-765.805878600922
-771.033425510832
-776.245587470958
-781.442260479517
-786.623340843788
-791.788725182184
-796.938310426306
-802.071993823009
-807.189672936446
-812.291245650116
-817.3766101689
-822.445665021089
-827.498309060415
-832.534441468065
-837.553961754694
-842.556769762428
-847.542765666867
-852.511849979073
-857.463923547556
-862.398887560254
-867.316643546501
-872.217093378999
-877.100139275766
-881.965683802097
-886.8136298725
-891.643880752639
-896.456340061262
-901.250911772123
-906.027500215901
-910.786010082105
-915.526346420981
-920.2484146454
-924.952120532753
-929.637370226824
-934.304070239667
-938.952127453471
-943.581449122416
-948.191942874525
-952.783516713509
-957.356079020598
-961.909538556375
-966.44380446259
-970.95878626398
-975.454393870068
-979.930537576965
-984.387128069158
-988.824076421291
-993.241294099942
-997.63869296539
-1002.01618527337
-1006.37368367683
-1010.71110122765
-1015.02835137844
-1019.32534798418
-1023.602005304
-1027.85823800287
-1032.09396115332
-1036.30909023711
-1040.50354114692
-1044.67723018804
-1048.83007408005
-1052.96198995845
-1057.07289537634
-1061.16270830604
-1065.23134714077
-1069.27873069624
-1073.30477821225
-1077.30940935439
-1081.29254421554
-1085.25410331752
-1089.19400761268
-1093.11217848546
-1097.00853775393
-1100.88300767143
-1104.73551092804
-1108.56597065217
-1112.37431041206
-1116.16045421736
-1119.92432652058
-1123.66585221863
-1127.38495665434
-1131.0815656179
-1134.75560534839
-1138.40700253521
-1142.03568431957
-1145.64157829594
-1149.22461251348
-1152.7847154775
-1156.32181615086
-1159.83584395541
-1163.32672877338
-1166.7944009488
-1170.23879128886
-1173.65983106531
-1177.05745201585
-1180.43158634546
-1183.78216672776
-1187.10912630635
-1190.41239869618
-1193.69191798481
-1196.94761873379
-1200.17943597994
-1203.38730523661
-1206.57116249503
-1209.73094422555
-1212.86658737892
-1215.97802938753
-1219.06520816669
-1222.12806211583
-1225.16653011977
-1228.18055154989
-1231.17006626541
-1234.13501461452
-1237.0753374356
-1239.99097605842
-1242.88187230526
-1245.74796849213
-1248.58920742988
-1251.40553242535
-1254.19688728251
-1256.96321630357
-1259.70446429011
-1262.42057654415
-1265.11149886929
-1267.77717757172
-1270.41755946137
-1273.03259185291
-1275.62222256685
-1278.18639993053
-1280.72507277919
-1283.23819045699
-1285.72570281799
-1288.18756022717
-1290.62371356145
-1293.03411421061
-1295.4187140783
-1297.77746558298
-1300.11032165892
-1302.41723575704
-1304.69816184594
-1306.95305441277
-1309.18186846413
-1311.38455952699
-1313.56108364958
-1315.71139740223
-1317.83545787829
-1319.93322269495
-1322.0046499941
-1324.04969844314
-1326.06832723585
-1328.06049609316
-1330.02616526399
-1331.96529552602
-1333.87784818647
-1335.76378508288
-1337.6230685839
-1339.45566158997
-1341.26152753415
-1343.04063038275
-1344.79293463616
-1346.51840532946
-1348.21700803316
-1349.88870885391
-1351.53347443513
-1353.15127195771
-1354.74206914064
-1356.30583424166
-1357.84253605793
-1359.35214392659
-1360.83462772542
-1362.28995787343
-1363.71810533142
-1365.11904160261
-1366.49273873317
-1367.8391693128
-1369.15830647527
-1370.45012389893
-1371.71459580728
-1372.95169696947
-1374.16140270077
-1375.34368886313
-1376.49853186557
-1377.62590866475
-1378.72579676534
-1379.79817422056
-1380.84301963251
-1381.8603121527
-1382.85003148241
-1383.81215787309
-1384.7466721268
-1385.65355559653
-1386.53279018663
-1387.38435835315
-1388.20824310416
-1389.00442800013
-1389.77289715427
-1390.51363523277
-1391.2266274552
-1391.91185959473
-1392.56931797848
-1393.19898948773
-1393.80086155822
-1394.3749221804
-1394.92115989963
-1395.43956381648
-1395.93012358688
-1396.39282942236
-1396.82767209024
-1397.23464291381
-1397.61373377251
-1397.96493710207
-1398.28824589472
-1398.58365369924
-1398.85115462116
-1399.09074332287
-1399.30241502367
-1399.48616549996
-1399.64199108522
-1399.76988867017
-1399.86985570278
-1399.94189018834
-1399.98599068949
-1400.00215632628
-1399.99038677613
-1399.95068227389
-1399.88304361181
-1399.78747213954
-1399.66396976407
-1399.51253894973
-1399.33318271813
-1399.12590464807
-1398.89070887552
-1398.62760009349
-1398.33658355198
-1398.01766505783
-1397.67085097464
-1397.29614822262
-1396.89356427847
-1396.46310717522
-1396.00478550207
-1395.51860840423
-1395.0045855827
-1394.46272729414
-1393.8930443506
-1393.29554811936
-1392.67025052267
-1392.01716403749
-1391.33630169532
-1390.62767708186
-1389.89130433677
-1389.12719815339
-1388.33537377845
-1387.51584701175
-1386.66863420586
-1385.7937522658
-1384.89121864867
-1383.96105136334
-1383.00326897005
-1382.01789058009
-1381.00493585538
-1379.96442500808
-1378.89637880021
-1377.80081854321
-1376.67776609754
-1375.52724387222
-1374.3492748244
-1373.14388245888
-1371.91109082768
-1370.65092452951
-1369.36340870932
-1368.04856905779
-1366.7064318108
-1365.33702374891
-1363.94037219685
-1362.51650502295
-1361.06545063859
-1359.58723799763
-1358.08189659586
-1356.54945647035
-1354.98994819893
-1353.40340289952
-1351.78985222951
-1350.14932838518
-1348.481864101
-1346.78749264902
-1345.06624783816
-1343.31816401359
-1341.54327605601
-1339.74161938094
-1337.91322993806
-1336.05814421045
-1334.1763992139
-1332.26803249613
-1330.33308213606
-1328.37158674307
-1326.38358545619
-1324.36911794336
-1322.32822440061
-1320.26094555125
-1318.1673226451
-1316.04739745763
-1313.90121228913
-1311.72880996389
-1309.5302338293
-1307.30552775505
-1305.0547361322
-1302.7779038723
-1300.47507640652
-1298.14629968475
-1295.79162017461
-1293.41108486064
-1291.00474124324
-1288.57263733782
-1286.11482167379
-1283.63134329359
-1281.12225175176
-1278.58759711388
-1276.02742995562
-1273.44180136173
-1270.830762925
-1268.19436674524
-1265.53266542824
-1262.84571208471
-1260.13356032926
-1257.39626427927
-1254.63387855386
-1251.84645827278
-1249.03405905529
-1246.1967370191
-1243.3345487792
-1240.44755144677
-1237.53580262801
-1234.59936042302
-1231.63828342459
-1228.6526307171
-1225.64246187529
-1222.60783696308
-1219.5488165324
-1216.46546162194
-1213.35783375595
-1210.22599494304
-1207.0700076749
-1203.88993492506
-1200.68584014766
-1197.45778727617
-1194.2058407221
-1190.93006537374
-1187.63052659483
-1184.3072902233
-1180.96042256992
-1177.58999041701
-1174.19606101706
-1170.77870209145
-1167.33798182903
-1163.87396888481
-1160.38673237859
-1156.87634189354
-1153.34286747485
-1149.78637962832
-1146.20694931895
-1142.60464796953
-1138.97954745919
-1135.33172012203
-1131.66123874559
-1127.96817656946
-1124.25260728382
-1120.5146050279
-1116.7542443886
-1112.97160039892
-1109.16674853651
-1105.33976472215
-1101.49072531822
-1097.6197071272
-1093.72678739012
-1089.81204378505
-1085.8755544255
-1081.91739785888
-1077.93765306498
-1073.93639945432
-1069.91371686662
-1065.86968556916
-1061.80438625524
-1057.71790004251
-1053.61030847139
-1049.48169350341
-1045.33213751963
-1041.16172331892
-1036.97053411638
-1032.75865354162
-1028.52616563714
-1024.27315485663
-1019.99970606327
-1015.70590452807
-1011.39183592815
-1007.05758634503
-1002.70324226292
-998.328890566962
-993.934618541563
-989.520513868589
-985.086664625648
-980.633159284323
-976.160086708409
-971.667536152139
-967.155597258402
-962.624360056959
-958.073914962639
-953.504352773541
-948.915764669222
-944.308242208872
-939.681877329495
-935.036762344067
-930.3729899397
-925.69065317579
-920.989845482158
-916.270660657189
-911.533192865961
-906.777536638362
-902.003786867208
-897.212038806346
-892.402388068755
-887.57493062464
-882.729762799515
-877.866981272278
-872.986683073289
-868.088965582428
-863.173926527154
-858.241663980555
-853.292276359392
-848.325862422132
-843.342521266982
-838.342352329907
-833.325455382648
-828.291930530735
-823.241878211481
-818.175399191985
-813.092594567119
-807.993565757511
-802.87841450752
-797.747242883209
-792.600153270303
-787.437248372153
-782.25863120768
-777.064405109325
-771.854673720982
-766.629540995936
-761.389111194781
-756.133488883347
-750.86277893061
-745.577086506598
-740.276517080297
-734.961176417541
-729.631170578907
-724.286605917595
-718.927589077307
-713.55422699012
-708.166626874348
-702.764896232411
-697.349142848682
-691.919474787339
-686.47600039021
-681.01882827461
-675.548067331173
-670.06382672168
-664.566215876883
-659.055344494318
-653.531322536115
-647.99426022681
-642.444268051141
-636.881456751843
-631.30593732744
-625.717821030031
-620.117219363068
-614.504244079132
-608.879007177702
-603.241620902925
-597.592197741368
-591.930850419782
-586.257691902846
-580.572835390916
-574.876394317769
-569.168482348333
-563.449213376425
-557.718701522473
-551.977061131245
-546.224406769562
-540.460853224017
-534.686515498677
-528.901508812798
-523.105948598517
-517.299950498556
-511.483630363909
-505.657104251533
-499.820488422032
-493.973899337337
-488.117453658381
-482.251268242775
-476.37546014247
-470.490146601426
-464.595445053275
-458.691473118968
-452.77834860444
-446.85618949825
-440.925113969232
-434.985240364135
-429.036687205261
-423.079573188102
-417.114017178971
-411.140138212629
-405.15805548991
-399.167888375345
-393.169756394776
-387.163779232975
-381.150076731254
-375.128768885073
-369.099975841647
-363.063817897549
-357.020415496307
-350.969889226005
-344.912359816873
-338.847948138878
-332.776775199317
-326.698962140395
-320.614630236815
-314.523900893353
-308.426895642438
-302.323736141727
-296.214544171676
-290.099441633112
-283.978550544799
-277.851993041002
-271.719891369055
-265.582367886917
-259.439545060731
-253.291545462384
-247.138491767055
-240.980506750775
-234.817713287971
-228.650234349014
-222.47819299777
-216.301712389143
-210.120915766614
-203.935926459784
-197.746867881917
-191.55386352747
-185.357036969634
-179.156511857869
-172.952411915431
-166.744860936911
-160.533982785758
-154.319901391811
-148.102740748826
-141.882624912001
-135.659677995502
-129.434024169983
-123.205787660112
-116.975092742093
-110.742063741181
-104.506825029207
-98.2695010220933
-92.0302161773699
-85.7890949916946
-79.5462619983663
-73.3018417648406
-67.0559588902447
-60.8087380028906
-54.5603037577887
-48.3107808341603
-42.0602939329499
-35.8089677743367
-29.5569270952464
-23.304296646862
-17.0512011921343
-10.797765503293
-4.54411435935652
1.70962745635748
7.96333515872217
14.2168839632914
20.4701490887896
26.7230057596017
32.9753292082627
39.2269946779474
45.4778774249596
51.7278527212216
57.9767958567622
64.224582142206
70.4710869112609
76.7161855232057
82.9597533653771
89.2016658556566
95.4417984449558
101.680026619702
107.916225904322
114.150271863728
120.382040105796
126.611406283855
132.83824609916
139.062435303379
145.283849701067
151.502365152149
157.717857574393
163.930202945889
170.13927730752
176.34495676544
182.547117493543
188.745635735933
194.940387809397
201.131250105871
207.318099094905
213.50081132613
219.67926343172
225.853332128854
232.022894222178
238.18782660626
244.348006268046
250.503310289318
256.653615849147
262.798800226337
268.938740801882
275.073315061409
281.20240059762
287.32587511274
293.443616420953
299.555502450842
305.661411247825
311.761220976586
317.854809923509
323.942056499107
330.022839240442
336.097036813559
342.164528015897
348.225191778713
354.278907169498
360.325553394386
366.365009800568
372.3971558787
378.421871265303
384.439035745169
390.448529253759
396.450231879596
402.444023866663
408.429785616785
414.407397692024
420.376740817055
426.33769588155
432.290143942554
438.233966226858
444.169044133367
450.095259235472
456.012493283406
461.920628206609
467.819546116082
473.709129306737
479.589260259752
485.459821644908
491.320696322937
497.171767347854
503.012917969294
508.844031634841
514.664991992352
520.47568289228
526.275988389993
532.065792748084
537.844980438683
543.613436145762
549.371044767434
555.117691418254
560.853261431506
566.577640361494
572.290713985826
577.992368307693
583.682489558141
589.360964198344
595.027678921871
600.68252065694
606.325376568683
611.956134061391
617.574680780763
623.180904616149
628.774693702784
634.355936424024
639.924521413569
645.480337557688
651.023273997437
656.553220130867
662.070065615235
667.573700369203
673.064014575036
678.540898680794
684.004243402515
689.453939726398
694.889878910978
700.311952489297
705.720052271063
711.114070344816
716.493899080077
721.859431129495
727.210559430992
732.547177209897
737.869177981077
743.176455551064
748.468904020168
753.746417784599
759.008891538565
764.256220276379
769.488299294554
774.705024193889
779.906290881555
785.091995573171
790.262034794875
795.416305385388
800.554704498075
805.677129602994
810.783478488942
815.873649265498
820.947540365053
826.005050544835
831.046078888935
836.070524810316
841.07828805282
846.069268693171
851.043367142968
856.00048415067
860.940520803579
865.863378529814
870.768959100275
875.657164630606
880.527897583145
885.381060768875
890.216557349359
895.034290838672
899.834165105331
904.616084374207
909.379953228442
914.125676611349
918.853159828308
923.562308548661
928.253028807588
932.925227007985
937.578809922331
942.213684694548
946.829758841856
951.426940256615
956.005137208164
960.564258344653
965.104212694864
969.624909670027
974.126259065627
978.608171063206
983.07055623215
987.513325531481
991.936390311626
996.339662316193
1000.72305368373
1005.08647694946
1009.42984504707
1013.75307131041
1018.05606947522
1022.33875368089
1026.60103847212
1030.84283880068
1035.06407002706
1039.26464792219
1043.44448866911
1047.60350886463
1051.74162552103
1055.85875606767
1059.95481835267
1064.02973064453
1068.08341163379
1072.11578043462
1076.12675658643
1080.11626005553
1084.08421123666
1088.0305309546
1091.9551404658
1095.85796145985
1099.73891606116
1103.5979268304
1107.43491676615
1111.24980930634
1115.04252832987
1118.81299815804
1122.56114355613
1126.28688973488
1129.99016235195
1133.67088751345
1137.32899177538
1140.96440214514
1144.57704608292
1148.1668515032
1151.73374677618
1155.27766072918
1158.79852264811
1162.29626227884
1165.7708098286
1169.2220959674
1172.65005182942
1176.05460901432
1179.43569958869
1182.79325608735
1186.12721151471
1189.43749934611
1192.72405352914
1195.98680848497
1199.22569910966
1202.44066077543
1205.63162933199
1208.79854110778
1211.94133291129
1215.05994203227
1218.15430624301
1221.22436379958
1224.27005344304
1227.29131440069
1230.28808638729
1233.26030960621
1236.20792475069
1239.13087300497
1242.0290960455
1244.90253604207
1247.751135659
1250.57483805627
1253.37358689062
1256.14732631675
1258.89600098836
1261.61955605929
1264.31793718461
1266.9910905217
1269.63896273133
1272.26150097873
1274.85865293461
1277.43036677625
1279.97659118851
1282.49727536487
1284.99236900841
1287.46182233284
1289.9055860635
1292.32361143832
1294.71585020881
1297.08225464102
1299.42277751648
1301.73737213317
1304.02599230642
1306.28859236984
1308.52512717625
1310.73555209857
1312.91982303069
1315.07789638839
1317.20972911017
1319.31527865813
1321.39450301883
1323.44736070411
1325.4738107519
1327.47381272709
1329.44732672228
1331.39431335862
1333.31473378657
1335.2085496867
1337.07572327041
1338.91621728073
1340.72999499304
1342.51702021582
1344.27725729134
1346.01067109641
1347.71722704306
1349.39689107921
1351.04962968941
1352.67540989544
1354.27419925701
1355.84596587242
1357.39067837912
1358.90830595444
1360.39881831613
1361.86218572299
1363.29837897547
1364.70736941623
1366.08912893073
1367.4436299478
1368.77084544016
1370.070748925
1371.34331446445
1372.58851666616
1373.80633068377
1374.99673221742
1376.15969751422
1377.29520336874
1378.40322712347
1379.48374666927
1380.53674044579
1381.56218744194
1382.5600671963
1383.53035979748
1384.47304588459
1385.38810664758
1386.27552382762
1387.13527971747
1387.96735716186
1388.77173955778
1389.54841085484
1390.2973555556
1391.01855871585
1391.71200594496
1392.37768340609
1393.01557781653
1393.62567644795
1394.20796712664
1394.76243823376
1395.28907870557
1395.78787803367
1396.25882626516
1396.70191400291
1397.11713240569
1397.50447318836
1397.86392862205
1398.19549153431
1398.49915530923
1398.77491388762
1399.02276176706
1399.24269400209
1399.43470620425
1399.59879454219
1399.73495574175
1399.84318708601
1399.92348641535
1399.97585212751
1400.00028317761
1399.99677907814
1399.96533989904
1399.90596626763
1399.81865936863
1399.70342094413
1399.56025329357
1399.38915927366
1399.19014229836
1398.9632063388
1398.70835592316
1398.42559613667
1398.11493262141
1397.77637157626
1397.40991975676
1397.01558447498
1396.59337359934
1396.1432955545
1395.66535932119
1395.15957443597
1394.62595099112
1394.06449963439
1393.47523156879
1392.85815855238
1392.21329289805
1391.54064747323
1390.84023569966
1390.11207155314
1389.35616956321
1388.57254481291
1387.76121293841
1386.92219012877
1386.05549312559
1385.16113922264
1384.23914626559
1383.28953265156
1382.31231732885
1381.30751979649
1380.27516010389
1379.2152588504
1378.12783718496
1377.01291680563
1375.87051995915
1374.70066944056
1373.50338859266
1372.2787013056
1371.02663201639
1369.74720570843
1368.44044791096
1367.1063846986
1365.74504269082
1364.35644905139
1362.94063148786
1361.49761825098
1360.02743813418
1358.53012047295
1357.00569514428
1355.45419256606
1353.87564369645
1352.27008003332
1350.63753361355
1348.97803701245
1347.29162334307
1345.57832625556
1343.83817993649
1342.07121910818
1340.27747902798
1338.45699548759
1336.60980481237
1334.73594386054
1332.83545002251
1330.90836122013
1328.9547159059
1326.9745530622
1324.96791220058
1322.93483336089
1320.87535711052
1318.78952454359
1316.67737728012
1314.53895746522
1312.37430776821
1310.1834713818
1307.96649202124
1305.72341392341
1303.45428184596
1301.15914106641
1298.83803738125
1296.49101710502
1294.11812706942
1291.7194146223
1289.2949276268
1286.84471446034
1284.36882401368
1281.86730568993
1279.34020940356
1276.78758557945
1274.2094851518
1271.6059595632
1268.97706076354
1266.32284120902
1263.64335386108
1260.93865218532
1258.20879015048
1255.45382222734
1252.67380338764
1249.86878910296
1247.03883534365
1244.18399857768
1241.30433576953
1238.39990437906
1235.47076236034
1232.51696816052
1229.53858071865
1226.5356594645
1223.50826431738
1220.45645568495
1217.38029446201
1214.27984202926
1211.15516025214
1208.00631147953
1204.83335854251
1201.63636475317
1198.41539390328
1195.17051026304
1191.90177857981
1188.60926407678
1185.29303245172
1181.95314987563
1178.58968299145
1175.2026989127
1171.79226522215
1168.35844997049
1164.90132167495
1161.42094931793
1157.91740234567
1154.39075066678
1150.84106465093
1147.2684151274
1143.67287338367
1140.05451116401
1136.41340066804
1132.7496145493
1129.06322591378
1125.35430831847
1121.62293576991
1117.8691827227
1114.09312407799
1110.29483518204
1106.47439182466
1102.63187023773
1098.76734709367
1094.88089950394
1090.97260501742
1087.04254161896
1083.09078772776
1079.11742219583
1075.12252430642
1071.10617377241
1067.06845073475
1063.00943576086
1058.929209843
1054.82785439666
1050.70545125895
1046.56208268697
1042.39783135615
1038.21278035858
1034.00701320143
1029.7806138052
1025.53366650208
1021.26625603428
1016.97846755231
1012.67038661332
1008.34209917933
1003.9936916156
999.625250688831
995.236863565465
990.828617809953
986.400601382993
981.952902639783
977.485610328255
972.998813587305
968.492601945012
963.967065316856
959.42229400392
954.85837869109
950.275410445247
945.673480713445
941.05268132109
936.413104470109
931.754842737107
927.07798907152
922.382636793763
917.668879593365
912.936811527103
908.186527017121
903.418120849048
898.631688170108
893.827324487218
889.005125665087
884.165187924299
879.307607839395
874.432482336946
869.539908693617
864.629984534229
859.702807829809
854.758476895636
849.797090389279
844.818747308628
839.823546989918
834.811589105749
829.782973663097
824.737801001316
819.676171790137
814.59818702766
809.50394803834
804.393556470961
799.267114296612
794.12472380665
788.96648761066
783.792508634405
778.602890117778
773.397735612735
768.177148981233
762.941234393158
757.690096324242
752.423839553986
747.14256916356
741.846390533713
736.535409342669
731.209731564016
725.869463464593
720.51471160237
715.145582824321
709.762184264293
704.364623340867
698.953007755215
693.527445488951
688.088044801978
682.634914230325
677.168162583982
671.687898944731
666.194232663968
660.687273360519
655.167130918456
649.633915484903
644.08773746784
638.528707533893
632.956936606137
627.372535861873
621.775616730414
616.166290890861
610.544670269875
604.910867039442
599.264993614636
593.607162651376
587.937487044178
582.256079923902
576.563054655495
570.858524835729
565.142604290933
559.415407074723
553.677047465726
547.927639965302
542.167299295254
536.396140395544
530.614278421995
524.821828743999
519.018906942208
513.205628806235
507.382110332337
501.548467721104
495.704817375141
489.851275896744
483.987960085571
478.114986936316
472.232473636373
466.340537563494
460.439296283454
454.528867547698
448.609369290995
442.680919629086
436.743636856323
430.797639443314
424.843046034552
418.879975446055
412.908546662991
406.928878837304
400.941091285338
394.945303485456
388.941635075654
382.930205851174
376.911135762119
370.884544911051
364.8505535506
358.809282081065
352.760851048009
346.705381139853
340.642993185472
334.57380815178
328.497947141318
322.415531389836
316.326682263878
310.231521258355
304.130169994124
298.022750215561
291.90938378813
285.790192695953
279.665299039376
273.534825032531
267.398893000901
261.257625378872
255.111144707299
248.959573631056
242.803034896586
236.641651349458
230.475545931912
224.304841680407
218.129661723166
211.950129277717
205.766367648437
199.578500224092
193.386650475373
187.190941952431
180.991498282417
174.78844316701
168.58190037995
162.371993764571
156.158847231326
149.942584755317
143.72333037382
137.501208183811
131.276342339489
125.048857049799
118.818876575954
112.586525228955
106.35192736711
100.115207393553
93.8764897537643
87.6358989330817
81.3935594542219
75.1495958747932
68.9041327848106
62.6572948042101
56.4092065803616
50.159992785582
43.9097781146476
37.6586872823055
31.4068450207859
25.1543760773125
18.9014052116137
12.6480571934329
6.39445680003944
0.140728813738163
-6.11300198062002
-12.3666107981282
-18.6199728563133
-24.872963377626
-31.1254575919306
-37.3773307389945
-43.6284580709777
-49.8787148549218
-56.1279763752391
-62.3761179362013
-68.6230148644271
-74.8685425113704
-81.1125762558071
-87.3549915063221
-93.5956637037951
-99.8344683238862
-106.07128087952
-112.305976923372
-118.538432050347
-124.768521900067
-130.996122159347
-137.221108564682
-143.443356904721
-149.662743022747
-155.879142819156
-162.092432253932
-168.302487349121
-174.509184191307
-180.712398934083
-186.912007800524
-193.107887085653
-199.299913158914
-205.487962466636
-211.671911534499
-217.851636969998
-224.027015464904
-230.197923797727
-236.364238836173
-242.525837539601
-248.682596961476
-254.834394251827
-260.981106659695
-267.122611535584
-273.258786333905
-279.389508615426
-285.514656049712
-291.634106417566
-297.74773761347
-303.855427648017
-309.957054650352
-316.052496870596
-322.141632682281
-328.224340584775
-334.300499205706
-340.369987303384
-346.432683769222
-352.488467630149
-358.537218051026
-364.578814337059
-370.613135936204
-376.640062441572
-382.659473593836
-388.671249283628
-394.675269553932
-400.671414602486
-406.659564784163
-412.639600613367
-418.611402766409
-424.574852083897
-430.529829573104
-436.47621641035
-442.413893943369
-448.342743693678
-454.262647358941
-460.173486815328
-466.075144119875
-471.967501512835
-477.850441420027
-483.723846455185
-489.587599422299
-495.441583317952
-501.285681333657
-507.119776858185
-512.943753479896
-518.757494989057
-524.560885380164
-530.353808854256
-536.136149821225
-541.907792902123
-547.668622931464
-553.418524959523
-559.157384254628
-564.88508630545
-570.601516823289
-576.306561744352
-582.000107232031
-587.682039679175
-593.352245710354
-599.010612184125
-604.657026195286
-610.291375077132
-615.913546403701
-621.523427992018
-627.120907904333
-632.705874450355
-638.278216189481
-643.83782193302
-649.384580746411
-654.918381951433
-660.439115128422
-665.946670118466
-671.440937025607
-676.921806219032
-682.389168335265
-687.842914280341
-693.282935231991
-698.70912264181
-704.121368237422
-709.519564024641
-714.903602289627
-720.273375601034
-725.628776812156
-730.969699063061
-736.296035782726
-741.607680691165
-746.904527801544
-752.186471422302
-757.453406159257
-762.705226917709
-767.941828904538
-773.163107630293
-778.36895891128
-783.559278871639
-788.733963945415
-793.892910878628
-799.036016731333
-804.16317887967
-809.274295017917
-814.369263160526
-819.447981644164
-824.510349129737
-829.556264604412
-834.585627383637
-839.598337113144
-844.594293770958
-849.573397669386
-854.535549457011
-859.480650120673
-864.408600987445
-869.3193037266
-874.212660351576
-879.088573221929
-883.946945045281
-888.787678879265
-893.610678133454
-898.415846571293
-903.203088312015
-907.972307832559
-912.723409969473
-917.456299920811
-922.17088324803
-926.86706587787
-931.544754104232
-936.20385459005
-940.844274369151
-945.46592084811
-950.068701808098
-954.652525406725
-959.217300179866
-963.762935043494
-968.289339295491
-972.796422617462
-977.284095076534
-981.752267127153
-986.200849612869
-990.629753768117
-995.038891219987
-999.428173989985
-1003.79751449579
-1008.14682555302
-1012.47602037691
-1016.78501258415
-1021.07371619449
-1025.34204563254
-1029.58991572946
-1033.81724172461
-1038.02393926732
-1042.20992441851
-1046.37511365241
-1050.51942385817
-1054.64277234159
-1058.74507682671
-1062.82625545749
-1066.88622679942
-1070.92490984114
-1074.9422239961
-1078.93808910412
-1082.91242543301
-1086.86515368015
-1090.79619497409
-1094.70547087612
-1098.59290338181
-1102.45841492262
-1106.30192836737
-1110.12336702385
-1113.92265464032
-1117.69971540704
-1121.45447395776
-1125.18685537126
-1128.89678517281
-1132.58418933568
-1136.24899428261
-1139.89112688727
-1143.51051447574
-1147.10708482795
-1150.68076617908
-1154.23148722108
-1157.759177104
-1161.26376543748
-1164.74518229211
-1168.20335820081
-1171.63822416029
-1175.04971163234
-1178.43775254525
-1181.80227929515
-1185.14322474739
-1188.46052223781
-1191.75410557415
-1195.02390903732
-1198.26986738272
-1201.49191584157
-1204.68999012214
-1207.86402641112
-1211.01396137481
-1214.13973216044
-1217.24127639741
-1220.31853219849
-1223.37143816114
-1226.39993336866
-1229.40395739145
-1232.38345028819
-1235.33835260705
-1238.26860538687
-1241.17415015834
-1244.05492894517
-1246.91088426523
-1249.74195913173
-1252.54809705432
-1255.32924204024
-1258.08533859542
-1260.81633172562
-1263.52216693748
-1266.20279023965
-1268.85814814386
-1271.48818766594
-1274.09285632695
-1276.67210215418
-1279.2258736822
-1281.75411995389
-1284.25679052143
-1286.73383544736
-1289.18520530554
-1291.61085118211
-1294.01072467655
-1296.38477790254
-1298.73296348902
-1301.05523458104
-1303.35154484078
-1305.62184844839
-1307.86610010298
-1310.08425502349
-1312.27626894958
-1314.44209814251
-1316.58169938603
-1318.69502998724
-1320.78204777743
-1322.84271111292
-1324.87697887591
-1326.88481047528
-1328.86616584741
-1330.821005457
-1332.74929029779
-1334.65098189343
-1336.52604229818
-1338.37443409769
-1340.19612040977
-1341.99106488507
-1343.75923170785
-1345.50058559669
-1347.21509180519
-1348.90271612264
-1350.56342487474
-1352.19718492425
-1353.80396367165
-1355.3837290558
-1356.93644955458
-1358.4620941855
-1359.96063250636
-1361.43203461581
-1362.87627115397
-1364.29331330301
-1365.68313278774
-1367.04570187615
-1368.38099337998
-1369.68898065526
-1370.96963760284
-1372.2229386689
-1373.44885884549
-1374.64737367099
-1375.81845923064
-1376.96209215696
-1378.07824963028
-1379.16690937916
-1380.22804968084
-1381.26164936166
-1382.26768779752
-1383.24614491426
-1384.19700118805
-1385.12023764583
-1386.01583586562
-1386.88377797697
-1387.72404666123
-1388.53662515196
-1389.32149723523
-1390.07864724995
-1390.80806008821
-1391.50972119554
-1392.18361657121
-1392.82973276855
-1393.44805689516
-1394.03857661319
-1394.60128013962
-1395.13615624644
-1395.64319426091
-1396.12238406575
-1396.57371609937
-1396.99718135603
-1397.39277138605
-1397.76047829596
-1398.10029474864
-1398.41221396352
-1398.69622971665
-1398.95233634089
-1399.18052872595
-1399.38080231857
-1399.55315312256
-1399.69757769887
-1399.81407316571
-1399.90263719857
-1399.96326803027
-1399.99596445099
-1400.00072580834
-1399.97755200729
-1399.92644351026
-1399.84740133704
-1399.74042706482
-1399.60552282812
-1399.44269131879
-1399.2519357859
-1399.03326003574
-1398.78666843168
-1398.51216589414
-1398.20975790045
-1397.87945048476
-1397.52125023791
-1397.13516430733
-1396.72120039683
-1396.27936676653
-1395.80967223262
-1395.31212616724
-1394.78673849826
-1394.2335197091
-1393.65248083849
-1393.04363348031
-1392.40698978329
-1391.74256245082
-1391.05036474066
-1390.3304104647
-1389.58271398867
-1388.80729023186
-1388.00415466683
-1387.17332331909
-1386.31481276676
-1385.42864014029
-1384.51482312209
-1383.57337994615
-1382.60432939773
-1381.60769081295
-1380.5834840784
-1379.53172963078
-1378.45244845645
-1377.34566209104
-1376.211392619
-1375.04966267317
-1373.86049543434
-1372.64391463076
-1371.39994453769
-1370.1286099769
-1368.82993631619
-1367.50394946887
-1366.15067589324
-1364.77014259209
-1363.36237711214
-1361.92740754347
-1360.46526251899
-1358.97597121388
-1357.45956334497
-1355.91606917017
-1354.34551948785
-1352.74794563626
-1351.12337949286
-1349.47185347371
-1347.79340053283
-1346.08805416153
-1344.35584838771
-1342.59681777527
-1340.81099742331
-1338.99842296552
-1337.15913056942
-1335.29315693565
-1333.40053929724
-1331.48131541886
-1329.53552359609
-1327.56320265461
-1325.56439194948
-1323.53913136432
-1321.48746131051
